0 0 0.24498
-0.00133671 4.10008 -5.12234e-08
-23.7294 6.40474 -1.59
-29.7293 29.4758 1.514
-60.5969 70.2769 1.585
-0.0881988 6.82876 1.597
125.265 6.57572 1.585
13.3376 30.2633 1.565
19.1826 30.4088 1.6
26.5141 30.5006 1.592
34.1369 30.5464 1.625
40.5164 30.5226 1.61
46.4539 30.4901 1.645
54.0193 30.7024 1.584
61.3067 30.6714 1.521
100.648 30.4346 1.4555
108.126 30.3323 1.5445
115.58 30.2493 1.571
73.2738 7.1913 -1.52845
73.3131 -14.9296 3.14419
-60.5969 70.2769 1.5463
13.6432 69.7299 1.516
13.6432 69.7299 1.555
40.5164 30.5226 1.6
94.8363 30.4482 1.65
