0.119931 0.114529
0.123179 0.13005
0.115134 0.124158
0.098955 0.123414
0.076585 0.12273
0.047791 0.12077
0.013546 0.11864
-0.023864 0.114872
-0.065582 0.112395
-0.107796 0.10949
-0.151263 0.106375
-0.189591 0.10194
-0.229053 0.087583
-0.264932 0.081661
-0.300311 0.07632
-0.335607 0.076548
-0.368775 0.081398
-0.402315 0.077558
-0.440178 0.070734
-0.48094 0.068491
-0.525164 0.064187
-0.567099 0.054731
-0.611516 0.050318
-0.655265 0.049623
-0.702956 0.050059
-0.747192 0.050301
-0.790281 0.054841
-0.827786 0.04944
-0.86364 0.043264
-0.894002 0.037372
-0.919856 0.035463
-0.948856 0.035061
-0.977853 0.037732
-1.007109 0.033907
-1.038428 0.033542
-1.070765 0.030018
-1.107074 0.025908
-1.152479 0.023663
-1.200973 0.0219
-1.249889 0.021722
-1.302271 0.020066
-1.356844 0.014366
-1.411625 0.006483
-1.467989 0.00247
-1.521956 0.001327
-1.572303 -0.003987
-1.612296 -0.007127
-1.640848 -0.006015
-1.661783 -0.006839
-1.67866 -0.005634
-1.673338 -0.014992
-1.659925 -0.023919
-1.64054 -0.028604
0.15324 -1.636072
0.135966 -1.616309
0.130212 -1.59941
0.130628 -1.588721
0.132373 -1.603707
0.130849 -1.593556
0.130324 -1.599491
0.130639 -1.589319
0.132684 -1.599481
0.133061 -1.593946
0.132825 -1.578521
0.130129 -1.565428
0.12929 -1.554208
0.127342 -1.532603
0.126637 -1.519223
0.12611 -1.493331
0.125913 -1.481618
0.125358 -1.464062
0.125594 -1.447727
0.123757 -1.432356
0.124104 -1.422909
0.123583 -1.413395
0.120793 -1.401154
0.12163 -1.388901
0.121405 -1.378603
0.121233 -1.369216
0.119445 -1.354096
0.120146 -1.34191
0.118949 -1.327047
0.119499 -1.311494
0.12091 -1.293762
0.120487 -1.284664
0.117313 -1.270691
0.116987 -1.258466
0.116532 -1.245327
0.116552 -1.235794
0.114367 -1.224966
0.11272 -1.214666
0.111941 -1.200206
0.108415 -1.185069
0.107607 -1.176571
0.107955 -1.161795
0.104604 -1.14273
0.106091 -1.129502
0.103385 -1.114839
0.104106 -1.101223
0.099699 -1.081909
0.101629 -1.068833
0.100215 -1.054025
0.099309 -1.045615
0.098457 -1.034917
0.09768 -1.024186
0.097176 -1.009093
0.095903 -0.992664
0.094285 -0.974838
0.093103 -0.959031
0.093408 -0.942154
0.092023 -0.92677
0.091544 -0.917345
0.09024 -0.908643
0.090518 -0.892729
0.090503 -0.87859
0.089261 -0.869434
0.089901 -0.859841
0.089339 -0.851888
0.089326 -0.835795
0.088646 -0.822284
0.087467 -0.811593
0.087883 -0.801876
0.086891 -0.785663
0.086347 -0.777278
0.086578 -0.769673
0.085657 -0.757143
0.083739 -0.749829
0.081261 -0.740215
0.079658 -0.72347
0.080282 -0.710977
0.080363 -0.697336
0.078729 -0.681242
0.079137 -0.672297
0.077658 -0.663898
0.076041 -0.651845
0.077553 -0.636686
0.077383 -0.614606
0.074577 -0.591654
0.07302 -0.569788
0.07339 -0.548698
0.070524 -0.527084
0.067956 -0.507231
0.068288 -0.491866
0.067787 -0.477631
0.066589 -0.46354
0.065417 -0.448299
0.062448 -0.433775
0.062488 -0.422109
0.060816 -0.411102
0.05944 -0.399229
0.058844 -0.385491
0.058199 -0.368984
0.05706 -0.351458
0.057383 -0.339392
0.058167 -0.329208
0.058559 -0.317487
0.057261 -0.300844
0.055569 -0.28207
0.054007 -0.266793
0.052358 -0.248858
0.052322 -0.233341
0.052375 -0.22284
0.0505 -0.216172
0.050795 -0.202471
0.046889 -0.184208
0.045219 -0.166958
0.046149 -0.154261
0.04386 -0.142643
0.043547 -0.125685
0.042071 -0.100916
0.038699 -0.078289
0.037673 -0.064877
0.036621 -0.052803
0.033298 -0.043534
0.032422 -0.033185
0.032259 -0.023532
0.030868 -0.007615
0.030077 0.005296
0.029913 0.014211
0.027684 0.036915
0.024909 0.059974
0.02517 0.079437
0.022181 0.101548
0.018462 0.124953
0.016777 0.141528
0.015266 0.157633
0.013124 0.171593
0.013475 0.185747
0.012771 0.200499
0.011402 0.210877
0.010368 0.223254
0.009342 0.234834
0.005284 0.246662
0.003478 0.263763
0.002338 0.279933
0.000435 0.299887
-0.001195 0.313161
-0.001912 0.330011
-0.004616 0.346001
-0.006026 0.356825
-0.007462 0.368223
-0.009004 0.385304
-0.011891 0.399151
-0.012763 0.415543
-0.014465 0.433046
-0.016019 0.444896
-0.019021 0.462036
-0.018931 0.480616
-0.019061 0.496025
-0.021612 0.514789
-0.023322 0.536928
-0.025221 0.552331
-0.026177 0.572393
-0.025961 0.589045
-0.028672 0.610563
-0.029645 0.62058
-0.030833 0.631146
-0.031034 0.647034
-0.032209 0.663328
-0.033899 0.682758
-0.035592 0.704109
-0.036677 0.720616
-0.039111 0.734603
-0.040872 0.754023
-0.041918 0.766904
-0.042174 0.77596
-0.043868 0.789911
-0.045104 0.803524
-0.044848 0.816254
-0.045175 0.824543
-0.045887 0.836526
-0.048176 0.856259
-0.04895 0.871702
-0.049489 0.886496
-0.049913 0.902199
-0.051966 0.917965
-0.053522 0.935808
-0.055316 0.9511
-0.057845 0.967306
-0.060564 0.985836
-0.063821 1.005603
-0.064655 1.023423
-0.0659 1.040897
-0.066249 1.056034
-0.067142 1.067801
-0.0668 1.078396
-0.067572 1.088757
-0.069962 1.1017
-0.069235 1.118699
-0.069236 1.133214
-0.069619 1.147438
-0.071017 1.162106
-0.070744 1.177537
-0.071857 1.189442
-0.072316 1.199306
-0.074397 1.213104
-0.075437 1.223475
-0.07732 1.245027
-0.080599 1.270441
-0.082321 1.291986
-0.084856 1.307663
-0.084205 1.326894
-0.084852 1.344143
-0.083749 1.359439
-0.086455 1.369629
-0.087565 1.389945
-0.08992 1.410109
-0.08979 1.431133
-0.090959 1.449252
-0.091598 1.466856
-0.092108 1.482841
-0.093731 1.498697
-0.094993 1.515962
-0.095165 1.533603
-0.096763 1.550173
-0.097908 1.567427
-0.098048 1.584486
-0.098765 1.597942
-0.099338 1.609833
-0.099517 1.62638
-0.101556 1.643138
-0.102471 1.660691
-0.104482 1.684938
-0.106362 1.702156
-0.103643 1.717657
-0.10773 1.737983
-0.110909 1.751302
-0.111419 1.766082
-0.114292 1.786436
-0.11759 1.802372
-0.119588 1.821186
-0.120461 1.838142
-0.120578 1.855068
-0.119714 1.873622
-0.121624 1.893228
-0.12167 1.912328
-0.122176 1.930176
-0.12295 1.942722
-0.124594 1.957562
-0.124821 1.970177
-0.127483 1.985677
-0.128789 1.997879
-0.129691 2.008004
-0.12935 2.019318
-0.130713 2.036649
-0.132939 2.059934
-0.134334 2.078225
-0.135812 2.098244
-0.136467 2.113296
-0.137962 2.128412
-0.138342 2.141226
-0.137856 2.155138
-0.139144 2.167555
-0.138612 2.18009
-0.139441 2.19581
-0.140339 2.218519
-0.140945 2.241967
-0.142675 2.260611
-0.143792 2.28534
-0.143849 2.299886
-0.142895 2.317443
-0.145403 2.336578
-0.146598 2.359665
-0.147783 2.381741
-0.149092 2.398713
-0.149508 2.414541
-0.151391 2.430508
-0.152261 2.444905
-0.152102 2.45953
-0.153501 2.484695
-0.15495 2.508478
-0.155809 2.52627
-0.156298 2.54875
-0.158377 2.568145
-0.158683 2.577613
-0.158435 2.598776
-0.160194 2.613626
-0.161153 2.631507
-0.161609 2.650901
-0.163012 2.668371
-0.164117 2.680985
-0.165175 2.694348
-0.166324 2.709332
-0.167666 2.728126
-0.166329 2.742247
-0.165791 2.753385
-0.166859 2.771609
-0.168036 2.791529
-0.169273 2.811022
-0.172056 2.832743
-0.171974 2.853932
-0.17349 2.876686
-0.174852 2.897706
-0.176744 2.918688
-0.177028 2.935989
-0.178863 2.951666
-0.179877 2.967014
-0.18266 2.98426
-0.186024 3.004213
-0.188161 3.019172
-0.188567 3.033561
-0.189834 3.053747
-0.190294 3.070503
-0.193082 3.089206
-0.192812 3.106607
-0.1939 3.125647
-0.19511 3.144594
-0.196111 3.166926
-0.196331 3.183149
-0.197077 3.19595
-0.197565 3.227388
-0.200789 3.261676
-0.202494 3.286297
-0.205323 3.304802
-0.206181 3.323944
-0.207143 3.345919
-0.208437 3.367098
-0.207751 3.383784
-0.208433 3.407599
-0.209431 3.419833
-0.212071 3.446341
-0.214246 3.468065
-0.216594 3.487469
-0.216383 3.507403
-0.217636 3.525432
-0.218218 3.542149
-0.219593 3.561468
-0.220484 3.580199
-0.221911 3.602764
-0.22549 3.628758
-0.227736 3.653956
-0.229752 3.677212
-0.230754 3.692563
-0.231588 3.709139
-0.233222 3.727213
-0.233559 3.746252
-0.235767 3.765938
-0.236242 3.785872
-0.237583 3.806534
-0.239395 3.82049
-0.238877 3.837797
-0.240335 3.858476
-0.242388 3.875112
-0.244996 3.89205
-0.24548 3.910097
-0.245993 3.930763
-0.24924 3.953149
-0.249041 3.976003
-0.249707 3.995153
-0.251318 4.017143
-0.252279 4.037109
-0.254262 4.060579
-0.257539 4.085401
-0.262531 4.095151
-0.265565 4.10785
-0.267229 4.123306
-0.269836 4.141073
-0.270451 4.157653
-0.270216 4.179726
-0.274033 4.198692
-0.274362 4.213849
-0.27523 4.228775
-0.278063 4.251162
-0.279423 4.271269
-0.28234 4.293096
-0.284058 4.312968
-0.286332 4.332577
-0.289348 4.350543
-0.291098 4.371046
-0.293932 4.390421
-0.2955 4.406214
-0.296685 4.419
-0.298667 4.43219
-0.305866 4.481694
-0.310886 4.524251
-0.313488 4.549528
-0.31389 4.560968
-0.315471 4.578078
-0.318545 4.596556
-0.318386 4.612357
-0.319872 4.631872
-0.321006 4.65151
-0.32212 4.671656
-0.324674 4.693177
-0.327026 4.713949
-0.330153 4.730999
-0.332664 4.750843
-0.332733 4.767035
-0.336116 4.787673
-0.336065 4.805614
-0.338838 4.827986
-0.340228 4.850456
-0.343472 4.870582
-0.343963 4.885839
-0.345951 4.903467
-0.34764 4.929044
-0.349597 4.953176
-0.351781 4.972436
-0.353952 4.988726
-0.35585 5.00446
-0.358657 5.02079
-0.361893 5.0471
-0.364404 5.067678
-0.364884 5.083093
-0.366173 5.102436
-0.368625 5.126049
-0.370386 5.152154
-0.373529 5.17148
-0.377605 5.188989
-0.379418 5.207399
-0.385297 5.225015
-0.387363 5.238074
-0.388026 5.251887
-0.391123 5.274374
-0.392258 5.29728
-0.394365 5.327955
-0.397406 5.347701
-0.398536 5.367845
-0.401019 5.383949
-0.401322 5.397115
-0.404418 5.421113
-0.407246 5.446284
-0.408475 5.462992
-0.410241 5.476631
-0.412609 5.491929
-0.416641 5.510316
-0.421654 5.533186
-0.424075 5.551945
-0.427035 5.571543
-0.42776 5.590038
-0.431023 5.610036
-0.432171 5.624354
-0.434293 5.641466
-0.437727 5.657401
-0.440074 5.680885
-0.442198 5.697827
-0.445943 5.715624
-0.448162 5.735079
-0.454298 5.777808
-0.460058 5.813801
-0.464217 5.833013
-0.468103 5.851957
-0.471314 5.87798
-0.473392 5.897013
-0.476553 5.91064
-0.478646 5.926159
-0.481669 5.948163
-0.483839 5.970998
-0.488432 5.99207
-0.491258 6.014028
-0.493591 6.036776
-0.4957 6.055049
-0.498987 6.074692
-0.502342 6.094121
-0.50297 6.112485
-0.506733 6.133008
-0.506852 6.147434
-0.508042 6.165093
-0.511707 6.189893
-0.515594 6.209524
-0.51613 6.223152
-0.516652 6.239603
-0.517847 6.257507
-0.520122 6.281878
-0.523924 6.308527
-0.525509 6.325846
-0.527862 6.355827
-0.529135 6.373824
-0.530919 6.399621
-0.533746 6.420765
-0.534951 6.436035
-0.537882 6.457979
-0.539349 6.477625
-0.542106 6.498328
-0.540848 6.52217
-0.541625 6.544242
-0.545594 6.56363
-0.54812 6.579364
-0.548725 6.595175
-0.550235 6.614675
-0.552739 6.63531
-0.552557 6.651582
-0.55521 6.671127
-0.558128 6.693885
-0.559353 6.715859
-0.560285 6.734621
-0.560985 6.747846
-0.562936 6.771996
-0.563801 6.793768
-0.563893 6.812615
-0.566263 6.831685
-0.56819 6.852056
-0.569015 6.871521
-0.569416 6.89013
-0.571199 6.910162
-0.571582 6.926406
-0.57357 6.944428
-0.574078 6.963734
-0.576652 6.984807
-0.577247 7.002897
-0.580571 7.024791
-0.583512 7.044048
-0.586842 7.061584
-0.589882 7.081812
-0.592918 7.105714
-0.594019 7.127851
-0.594403 7.143647
-0.596426 7.16496
-0.597037 7.185254
-0.598847 7.199117
-0.599247 7.212923
-0.602192 7.230174
-0.602182 7.246567
-0.602703 7.269714
-0.603813 7.288268
-0.60734 7.311373
-0.609171 7.332595
-0.610524 7.352957
-0.612285 7.37246
-0.614369 7.392316
-0.615669 7.411329
-0.616334 7.428916
-0.618414 7.446865
-0.617634 7.465585
-0.621747 7.491036
-0.626254 7.514021
-0.627102 7.532396
-0.627092 7.549262
-0.629213 7.565576
-0.62907 7.579708
-0.631302 7.596665
-0.631994 7.609175
-0.634125 7.629957
-0.63789 7.644962
-0.641118 7.668737
-0.646837 7.683813
-0.649005 7.705086
-0.650319 7.730258
-0.652352 7.751131
-0.653679 7.768973
-0.655632 7.786528
-0.65913 7.805232
-0.658722 7.826365
-0.664476 7.84584
-0.665733 7.863548
-0.666859 7.887233
-0.669719 7.915412
-0.671429 7.937482
-0.676407 7.962288
-0.677878 7.99062
-0.683959 8.014968
-0.686018 8.043226
-0.68616 8.055361
-0.690373 8.071471
-0.692921 8.101198
-0.69731 8.136093
-0.699849 8.160655
-0.701426 8.184704
-0.703977 8.202066
-0.707205 8.220283
-0.708386 8.240369
-0.710017 8.260871
-0.71252 8.280123
-0.71626 8.294262
-0.719911 8.316305
-0.723209 8.335489
-0.721334 8.349816
-0.723452 8.366
-0.725334 8.385303
-0.730444 8.411851
-0.733395 8.436042
-0.73522 8.455885
-0.738603 8.475431
-0.741988 8.498461
-0.744861 8.519815
-0.741865 8.534881
-0.743778 8.553792
-0.745715 8.56626
-0.74473 8.582717
-0.747599 8.599583
-0.752081 8.617036
-0.754485 8.638586
-0.753993 8.655564
-0.756441 8.673313
-0.758693 8.693004
-0.761385 8.716195
-0.766478 8.744462
-0.767038 8.756526
-0.76751 8.772337
-0.768775 8.787131
-0.769705 8.810016
-0.770475 8.830076
-0.773148 8.842754
-0.776382 8.854077
-0.777738 8.867771
-0.780083 8.889639
-0.783688 8.915207
-0.785798 8.938758
-0.786249 8.953817
-0.790112 8.968884
-0.790955 8.98967
-0.790187 9.013712
-0.793921 9.035931
-0.797291 9.061629
-0.797219 9.082305
-0.798267 9.102208
-0.800743 9.118769
-0.80342 9.133139
-0.80518 9.150371
-0.807714 9.166947
-0.807216 9.188141
-0.809425 9.206001
-0.81228 9.227411
-0.813673 9.246309
-0.813685 9.262447
-0.815355 9.282985
-0.8168 9.304168
-0.817865 9.319995
-0.819584 9.341606
-0.822104 9.361443
-0.823439 9.381509
-0.825507 9.403063
-0.827574 9.424629
-0.830395 9.443086
-0.832185 9.461438
-0.833042 9.485855
-0.835448 9.505357
-0.836711 9.521116
-0.838941 9.54211
-0.841563 9.562908
-0.841071 9.583252
-0.842313 9.597513
-0.844075 9.615514
-0.845261 9.62747
-0.846213 9.645572
-0.847787 9.658287
-0.848699 9.673746
-0.85151 9.695763
-0.855025 9.719258
-0.854045 9.744828
-0.855804 9.764409
-0.857958 9.786186
-0.859995 9.806806
-0.857449 9.82398
-0.859884 9.842187
-0.863702 9.859233
-0.868623 9.875868
-0.871009 9.89361
-0.871624 9.915664
-0.874333 9.933067
-0.876376 9.952068
-0.877406 9.971535
-0.882131 9.987056
-0.883819 10.009495
-0.884966 10.026523
-0.887408 10.046317
-0.88827 10.063483
-0.888694 10.082767
-0.89028 10.101764
-0.893314 10.118291
-0.893736 10.137362
-0.899103 10.155707
-0.898239 10.172356
-0.902467 10.190736
-0.903638 10.210644
-0.904562 10.231131
-0.905306 10.2502
-0.906031 10.271251
-0.906897 10.291117
-0.910977 10.313177
-0.911996 10.336975
-0.914824 10.358679
-0.91683 10.379158
-0.920472 10.395689
-0.923992 10.412895
-0.926147 10.430445
-0.924853 10.449148
-0.926705 10.465678
-0.928737 10.479727
-0.930262 10.500675
-0.930742 10.525739
-0.933066 10.542937
-0.93663 10.558202
-0.934083 10.576887
-0.932252 10.590623
-0.934733 10.607793
-0.936045 10.630819
-0.937743 10.656605
-0.941176 10.67392
-0.943474 10.698565
-0.947283 10.713654
-0.951271 10.731016
-0.951715 10.756809
-0.956551 10.77731
-0.959902 10.796949
-0.961421 10.814777
-0.964714 10.836715
-0.965771 10.857648
-0.968736 10.882907
-0.971272 10.900684
-0.971923 10.914088
-0.972078 10.932752
-0.974206 10.953377
-0.979037 10.971554
-0.976766 10.987736
-0.978641 11.005024
-0.978851 11.020596
-0.982462 11.043359
-0.986091 11.067163
-0.98722 11.08377
-0.988524 11.104478
-0.988953 11.121174
-0.992771 11.141336
-0.991233 11.157143
-0.992317 11.176681
-0.993509 11.195364
-0.995427 11.22639
-0.996652 11.24582
-0.998165 11.269929
-1.001698 11.292374
-1.001353 11.305535
-1.000643 11.328058
-1.002722 11.347028
-1.004864 11.368259
-1.008028 11.385383
-1.012102 11.40383
-1.011449 11.426021
-1.014823 11.44371
-1.015852 11.462183
-1.019419 11.483642
-1.017447 11.505472
-1.018624 11.521097
-1.021132 11.540855
-1.023882 11.560002
-1.027399 11.57746
-1.026435 11.595781
-1.028883 11.612637
-1.031636 11.631517
-1.032488 11.652508
-1.033875 11.675828
-1.035729 11.694885
-1.037669 11.715716
-1.039855 11.739829
-1.041936 11.754476
-1.042012 11.771065
-1.042089 11.793834
-1.044243 11.810725
-1.048875 11.825895
-1.049962 11.836757
-1.050143 11.853811
-1.050233 11.878857
-1.05596 11.90032
-1.059867 11.917719
-1.061896 11.938126
-1.062212 11.955314
-1.064508 11.973883
-1.065651 11.99452
-1.067489 12.01698
-1.067789 12.033965
-1.069286 12.051412
-1.071047 12.066611
-1.073147 12.088164
-1.076505 12.107001
-1.079014 12.126855
-1.084142 12.146639
-1.087007 12.164934
-1.088844 12.183971
-1.093189 12.202382
-1.093881 12.220745
-1.094838 12.244389
-1.09657 12.2626
-1.097753 12.27623
-1.101084 12.296697
-1.103729 12.312553
-1.105991 12.332164
-1.107709 12.352693
-1.108204 12.372664
-1.109958 12.39084
-1.112941 12.409844
-1.116609 12.426799
-1.117545 12.441067
-1.120099 12.459251
-1.12354 12.478015
-1.125584 12.495576
-1.126799 12.514859
-1.129753 12.536883
-1.131683 12.562642
-1.134129 12.591922
-1.136854 12.621901
-1.142554 12.659631
-1.141982 12.69608
-1.144731 12.733103
-1.149654 12.770432
-1.151009 12.80215
-1.153313 12.833447
-1.154172 12.862237
-1.158491 12.890617
-1.159424 12.916674
-1.164508 12.940746
-1.167033 12.966776
-1.169516 12.994787
-1.173761 13.019091
-1.176629 13.04448
-1.179883 13.0742
-1.184512 13.107929
-1.190405 13.139436
-1.194949 13.169591
-1.197662 13.201074
-1.198175 13.234436
-1.204955 13.265993
-1.207299 13.297543
-1.209903 13.329498
-1.213105 13.358637
-1.21514 13.383925
-1.214484 13.414587
-1.219132 13.442605
-1.223928 13.477239
-1.22532 13.507997
-1.228046 13.538965
-1.231877 13.569167
-1.236254 13.599684
-1.235923 13.627357
-1.239776 13.657931
-1.246699 13.689637
-1.2501 13.718257
-1.255951 13.742314
-1.261949 13.772508
-1.260372 13.801966
-1.266859 13.83105
-1.271548 13.86098
-1.275074 13.890651
-1.278486 13.918515
-1.28115 13.9501
-1.284917 13.974072
-1.289381 14.000811
-1.293762 14.034259
-1.29838 14.065049
-1.301926 14.096442
-1.303895 14.126632
-1.307961 14.154126
-1.310138 14.183488
-1.314478 14.209855
-1.317917 14.240946
-1.322056 14.277115
-1.326244 14.31207
-1.331748 14.339794
-1.333852 14.372543
-1.338208 14.400798
-1.340563 14.433182
-1.342453 14.459605
-1.349371 14.486687
-1.352596 14.515857
-1.355718 14.541785
-1.358948 14.572219
-1.36118 14.60121
-1.363585 14.627073
-1.36488 14.654113
-1.367464 14.685415
-1.371655 14.7145
-1.375139 14.740686
-1.38314 14.773771
-1.387356 14.805422
-1.389996 14.835594
-1.393024 14.871167
-1.396045 14.90427
-1.401627 14.933539
-1.398102 14.966142
-1.403537 14.992675
-1.407871 15.01887
-1.411731 15.052035
-1.414678 15.078946
-1.418093 15.112219
-1.420629 15.143037
-1.426406 15.16836
-1.428653 15.199587
-1.430425 15.228702
-1.435425 15.260336
-1.440179 15.291039
-1.442136 15.318699
-1.445117 15.347262
-1.449402 15.38136
-1.452942 15.410247
-1.456731 15.436392
-1.458832 15.466536
-1.459939 15.492888
-1.464984 15.520422
-1.469453 15.550357
-1.476936 15.578031
-1.481495 15.608976
-1.485176 15.639419
-1.49056 15.671761
-1.494203 15.702877
-1.497055 15.730096
-1.502218 15.761712
-1.503801 15.792968
-1.508046 15.822436
-1.512157 15.853741
-1.515337 15.878494
-1.519514 15.906664
-1.524311 15.93751
-1.52677 15.968134
-1.532943 15.999771
-1.535743 16.02967
-1.53745 16.062867
-1.540416 16.093448
-1.544035 16.124499
-1.549646 16.153144
-1.553399 16.185572
-1.556065 16.210858
-1.559317 16.24068
-1.563253 16.27408
-1.56628 16.308724
-1.567978 16.335827
-1.57277 16.360084
-1.57796 16.388879
-1.580163 16.417917
-1.582917 16.447448
-1.588529 16.474185
-1.591196 16.504529
-1.595236 16.54038
-1.600626 16.573081
-1.600674 16.600214
-1.607403 16.6295
-1.610254 16.659666
-1.613193 16.685851
-1.619436 16.717712
-1.621528 16.744122
-1.621723 16.774435
-1.625536 16.802334
-1.628429 16.833756
-1.630911 16.860311
-1.631675 16.888218
-1.637576 16.914281
-1.641781 16.938681
-1.641037 16.959133
-1.645743 16.977333
-1.648502 16.991321
-1.649127 17.00431
-1.650021 17.01524
-1.640404 17.012189
-1.632258 17.014283
-1.609159 17.018692
-1.65725 -0.033149
-1.671859 -0.023796
-1.685458 -0.020489
-1.686838 -0.014293
-1.686921 -0.013332
-1.689935 -0.003012
-1.690376 0.009826
-1.691458 0.028572
-1.692662 0.056379
-1.693857 0.086446
-1.696287 0.119158
-1.698869 0.155798
-1.701595 0.192571
-1.704703 0.23163
-1.706911 0.265631
-1.709909 0.304006
-1.711936 0.344012
-1.713326 0.381322
-1.716591 0.417327
-1.719299 0.458516
-1.721119 0.500353
-1.721147 0.540312
-1.723455 0.580083
-1.727598 0.622405
-1.731589 0.665403
-1.735007 0.708151
-1.739307 0.750717
-1.741873 0.79477
-1.745311 0.831074
-1.747718 0.866399
-1.749769 0.904067
-1.753004 0.940474
-1.7566 0.975742
-1.760877 1.012054
-1.762647 1.052614
-1.765182 1.089097
-1.768748 1.129626
-1.77312 1.165933
-1.774365 1.20059
-1.776364 1.240424
-1.779977 1.280636
-1.784481 1.320325
-1.789906 1.358299
-1.79463 1.395925
-1.796515 1.436667
-1.802777 1.476969
-1.808148 1.513945
-1.812236 1.552119
-1.816408 1.592647
-1.820566 1.630247
-1.822954 1.668673
-1.827594 1.706531
-1.83285 1.746451
-1.835143 1.78477
-1.839785 1.820296
-1.844247 1.857275
-1.847371 1.89565
-1.852424 1.930168
-1.858767 1.966296
-1.862267 2.006123
-1.869802 2.042941
-1.874847 2.077318
-1.881808 2.113279
-1.88862 2.15267
-1.895916 2.200694
-1.898312 2.241198
-1.902224 2.282246
-1.906987 2.319041
-1.910037 2.352337
-1.911179 2.390496
-1.913739 2.432124
-1.917767 2.475166
-1.922328 2.520441
-1.926082 2.558168
-1.931535 2.595935
-1.937735 2.629185
-1.941625 2.667474
-1.950846 2.711262
-1.954174 2.753481
-1.953932 2.790908
-1.955639 2.830931
-1.957832 2.870813
-1.960868 2.910261
-1.962881 2.9507
-1.964153 2.989909
-1.967824 3.026675
-1.968876 3.065821
-1.97149 3.105811
-1.973463 3.147662
-1.976479 3.188234
-1.978812 3.2263
-1.979427 3.259336
-1.983354 3.294248
-1.985961 3.332978
-1.989309 3.370914
-1.992304 3.407721
-1.994471 3.444324
-1.996421 3.487905
-1.99777 3.525994
-2.001887 3.565142
-2.004575 3.605129
-2.007178 3.652906
-2.010273 3.69039
-2.015229 3.721241
-2.018372 3.766334
-2.023708 3.806661
-2.029739 3.844676
-2.032444 3.883166
-2.033286 3.917766
-2.036554 3.95746
-2.037602 3.99657
-2.038584 4.035605
-2.040356 4.07021
-2.044478 4.110085
-2.045301 4.142741
-2.049622 4.182467
-2.051424 4.22497
-2.05363 4.264627
-2.055129 4.302968
-2.058194 4.341109
-2.059373 4.375589
-2.060311 4.415088
-2.064801 4.45189
-2.068169 4.490559
-2.070683 4.532422
-2.072566 4.573128
-2.075518 4.612031
-2.079266 4.65285
-2.081232 4.690221
-2.083606 4.728298
-2.089136 4.7719
-2.090536 4.81211
-2.094947 4.84948
-2.096722 4.888617
-2.099587 4.927125
-2.102457 4.964172
-2.108216 5.00117
-2.111232 5.037334
-2.11445 5.075654
-2.117868 5.114036
-2.122277 5.15654
-2.125949 5.197231
-2.130036 5.233895
-2.134099 5.274647
-2.138643 5.314187
-2.141679 5.350187
-2.146119 5.387828
-2.150746 5.43246
-2.15515 5.472747
-2.159677 5.510592
-2.163398 5.546748
-2.167441 5.581909
-2.170864 5.620563
-2.17566 5.658252
-2.180176 5.69828
-2.186066 5.735197
-2.190682 5.776842
-2.195293 5.813372
-2.198309 5.842716
-2.204427 5.883541
-2.21095 5.919947
-2.216489 5.96578
-2.223661 6.008537
-2.227071 6.048439
-2.2307 6.08781
-2.234159 6.123881
-2.23656 6.165922
-2.239771 6.204173
-2.243417 6.238914
-2.247764 6.284003
-2.248997 6.327181
-2.251626 6.36595
-2.254699 6.396948
-2.260236 6.431438
-2.264449 6.471978
-2.266172 6.510678
-2.273458 6.549305
-2.276639 6.597353
-2.280794 6.63603
-2.28582 6.673276
-2.288647 6.712054
-2.292363 6.753728
-2.298603 6.790705
-2.304216 6.826546
-2.310146 6.862783
-2.317841 6.903675
-2.323312 6.948401
-2.326398 6.98678
-2.328063 7.025939
-2.332479 7.062365
-2.335968 7.104672
-2.339775 7.142897
-2.341682 7.178875
-2.343757 7.208242
-2.348393 7.251315
-2.351343 7.290547
-2.354485 7.333368
-2.358509 7.369909
-2.360836 7.405528
-2.364325 7.440008
-2.365581 7.477436
-2.36932 7.517371
-2.373308 7.551121
-2.377057 7.593353
-2.381071 7.632541
-2.383619 7.671721
-2.388205 7.712115
-2.391583 7.750318
-2.393161 7.785859
-2.397335 7.822326
-2.40151 7.865711
-2.406893 7.912069
-2.412902 7.954775
-2.415081 7.994805
-2.419862 8.035035
-2.424902 8.073363
-2.428102 8.112808
-2.431746 8.151259
-2.433722 8.186501
-2.437751 8.229669
-2.442539 8.267116
-2.446158 8.305112
-2.448748 8.345506
-2.45505 8.387782
-2.460817 8.421356
-2.465109 8.46479
-2.468938 8.506947
-2.473655 8.544806
-2.478314 8.581739
-2.482173 8.620082
-2.488235 8.661147
-2.49247 8.697277
-2.498707 8.740738
-2.503031 8.779329
-2.507693 8.813357
-2.511734 8.854808
-2.517569 8.896762
-2.524271 8.938181
-2.528382 8.977254
-2.536074 9.015654
-2.538765 9.05031
-2.544785 9.08936
-2.550685 9.131435
-2.556109 9.169959
-2.557261 9.208172
-2.563631 9.248127
-2.572015 9.284681
-2.575866 9.322358
-2.585183 9.367742
-2.590987 9.408743
-2.595878 9.442058
-2.604486 9.480613
-2.609491 9.518906
-2.613547 9.555613
-2.616094 9.588815
-2.623874 9.629753
-2.628245 9.659035
-2.632273 9.697438
-2.632943 9.737858
-2.638358 9.773649
-2.639214 9.806358
-2.645381 9.849079
-2.646588 9.888752
-2.649365 9.924325
-2.651377 9.961831
-2.654465 10.005073
-2.657115 10.045875
-2.66006 10.091937
-2.664431 10.129498
-2.667369 10.171908
-2.671281 10.212471
-2.672335 10.249371
-2.675316 10.286614
-2.678824 10.32595
-2.682355 10.361519
-2.686907 10.400453
-2.692696 10.429637
-2.696735 10.466369
-2.696419 10.508474
-2.699295 10.547738
-2.702363 10.584147
-2.707465 10.622538
-2.707633 10.661603
-2.710062 10.696046
-2.715232 10.732712
-2.717707 10.772937
-2.720433 10.816943
-2.723107 10.85705
-2.726119 10.893363
-2.725297 10.93085
-2.73 10.9767
-2.732239 11.025154
-2.735174 11.074073
-2.739364 11.113928
-2.742102 11.15211
-2.750704 11.19297
-2.756454 11.231738
-2.76296 11.265198
-2.766795 11.295428
-2.774486 11.328539
-2.775657 11.368122
-2.777004 11.405061
-2.780078 11.442272
-2.778451 11.477826
-2.781318 11.512452
-2.784277 11.553237
-2.786122 11.595747
-2.787487 11.636297
-2.792728 11.676954
-2.793612 11.717686
-2.797382 11.760111
-2.805877 11.80535
-2.810185 11.846466
-2.810522 11.876982
-2.814923 11.915051
-2.817665 11.952781
-2.820088 11.991437
-2.825414 12.036995
-2.830933 12.075433
-2.835225 12.111571
-2.844596 12.151586
-2.855522 12.185834
-2.860617 12.215707
-2.860951 12.247928
-2.863311 12.284679
-2.867801 12.317774
-2.867149 12.359739
-2.871529 12.398205
-2.8723 12.439462
-2.87464 12.480095
-2.877007 12.517333
-2.88142 12.554613
-2.8842 12.589468
-2.888168 12.63032
-2.892481 12.669543
-2.894671 12.709892
-2.896692 12.750421
-2.899711 12.79038
-2.904396 12.829045
-2.905963 12.86451
-2.909412 12.901562
-2.911722 12.94302
-2.918851 12.988176
-2.922744 13.025946
-2.924426 13.068736
-2.924849 13.103912
-2.930281 13.14014
-2.930415 13.17888
-2.934255 13.216794
-2.93826 13.256346
-2.939456 13.292325
-2.943406 13.332623
-2.946181 13.37374
-2.948653 13.410053
-2.953335 13.443095
-2.957465 13.479624
-2.961115 13.520019
-2.965102 13.562803
-2.968417 13.598887
-2.972356 13.6334
-2.976318 13.67104
-2.982079 13.713456
-2.983369 13.751349
-2.984594 13.78964
-2.987182 13.82943
-2.989325 13.863745
-2.993393 13.900294
-3.002871 13.941891
-3.01087 13.98881
-3.016134 14.033688
-3.016738 14.073129
-3.019646 14.107231
-3.022385 14.143728
-3.026266 14.186488
-3.028675 14.223884
-3.032068 14.259827
-3.034253 14.300061
-3.035686 14.338289
-3.039675 14.37186
-3.040608 14.407921
-3.044975 14.440943
-3.045623 14.482063
-3.049363 14.521917
-3.054847 14.562802
-3.058018 14.606042
-3.06185 14.651216
-3.066718 14.69102
-3.072789 14.729043
-3.074454 14.773789
-3.077411 14.809351
-3.081062 14.841602
-3.084235 14.872043
-3.088488 14.903872
-3.093089 14.933559
-3.09625 14.963407
-3.098856 14.99445
-3.105092 15.023472
-3.110344 15.058131
-3.114215 15.087237
-3.117771 15.116773
-3.119133 15.143603
-3.121947 15.170469
-3.120109 15.192588
-3.122374 15.220428
-3.125777 15.247373
-3.129201 15.273211
-3.134761 15.302051
-3.13727 15.32973
-3.139819 15.364105
-3.143836 15.398387
-3.146771 15.428962
-3.149591 15.458706
-3.151127 15.491388
-3.156702 15.522162
-3.157943 15.553014
-3.159725 15.580278
-3.159227 15.613523
-3.156113 15.644037
-3.154974 15.669732
-3.157242 15.68891
-3.16273 15.709369
-3.164907 15.731012
-3.1681 15.766511
-3.175778 15.795716
-3.180402 15.829451
-3.185554 15.863983
-3.190868 15.896518
-3.198663 15.935055
-3.203229 15.964509
-3.207276 15.998394
-3.21616 16.030206
-3.219935 16.069393
-3.222124 16.097571
-3.228574 16.128501
-3.234186 16.157179
-3.237494 16.186368
-3.243308 16.20252
-3.247974 16.219234
-3.248567 16.23218
-3.252194 16.247559
-3.256426 16.267874
-3.258638 16.286618
-3.259029 16.308254
-3.254815 16.338107
-3.252355 16.38251
-3.253101 16.41976
-3.260406 16.464405
-3.273531 16.504337
-3.286164 16.551763
-3.300672 16.597774
-3.310531 16.641271
-3.325161 16.680346
-3.33169 16.71007
-3.334204 16.73316
-3.340644 16.747729
-3.348046 16.755791
-3.349948 16.765864
-3.348831 16.755904
-3.345663 16.768182
-3.339649 16.752029
-3.324798 16.745224
-3.319163 16.752714
-3.317726 16.75331
-3.314343 16.746946
-1.611099 17.004966
-1.608233 16.99594
-1.60387 17.000943
-1.610375 17.020683
-1.613753 17.020308
-1.638928 17.010843
-1.656306 17.012516
-1.664663 17.021366
-1.659899 17.011971
-1.664082 17.021873
-1.67137 17.01399
-1.69729 17.010054
-1.726855 17.014758
-1.747621 17.00391
-1.779351 16.987403
-1.819113 16.980085
-1.850434 16.977406
-1.890186 16.974002
-1.934813 16.967309
-1.978393 16.95858
-2.028046 16.957987
-2.067843 16.959445
-2.102669 16.954985
-2.125902 16.946498
-2.145404 16.943137
-2.159901 16.94156
-2.177365 16.936117
-2.194365 16.933576
-2.215541 16.934907
-2.233348 16.927447
-2.254016 16.919957
-2.281809 16.919301
-2.313597 16.919102
-2.346115 16.914386
-2.382265 16.911389
-2.419872 16.907052
-2.457368 16.901924
-2.492166 16.902843
-2.523984 16.894993
-2.558078 16.887647
-2.596242 16.880148
-2.632318 16.876521
-2.662473 16.86742
-2.691701 16.862854
-2.719031 16.857412
-2.74291 16.85173
-2.772732 16.8503
-2.792888 16.842221
-2.813794 16.836738
-2.836055 16.833034
-2.862042 16.825656
-2.887723 16.82116
-2.910023 16.8213
-2.938944 16.822273
-2.964674 16.818149
-2.996464 16.81363
-3.027903 16.813708
-3.064424 16.813619
-3.095658 16.806293
-3.129705 16.805593
-3.164203 16.804476
-3.197451 16.804068
-3.231788 16.800441
-3.256326 16.795179
-3.28403 16.794441
-3.301918 16.795617
-3.314653 16.790343
-3.327811 16.791969
-3.339507 16.784169
-3.341996 16.794532
-3.337847 16.784466
-3.337893 16.774379
-3.348927 16.77471
-3.347806 16.779126
-3.335943 16.770664
-1.68927 17.004114
-1.701788 17.004733
-1.709303 17.014906
-1.71594 17.024283
-1.717391 17.039198
-1.713121 17.027478
-1.709339 17.017474
-1.709797 17.029714
-1.711095 17.043135
-1.711901 17.055226
-1.713218 17.072811
-1.712407 17.099425
-1.718102 17.135187
-1.718011 17.175091
-1.717956 17.215619
-1.717391 17.263189
-1.716527 17.305772
-1.714839 17.341785
-1.716159 17.380739
-1.714283 17.414082
-1.71382 17.449874
-1.716602 17.481547
-1.71673 17.506034
-1.719835 17.526245
-1.720043 17.538425
-1.723944 17.551948
-1.72512 17.564471
-1.726316 17.59372
-1.727393 17.612425
-1.72378 17.632451
-1.722654 17.656807
-1.723395 17.702206
-1.722679 17.738185
-1.726756 17.779914
-1.732548 17.816002
-1.735194 17.853772
-1.740188 17.891228
-1.742217 17.926069
-1.744012 17.956667
-1.746287 17.982008
-1.746555 18.009119
-1.750101 18.03712
-1.751572 18.056143
-1.752909 18.08457
-1.7544 18.115296
-1.757144 18.147442
-1.758589 18.178374
-1.756286 18.207831
-1.755738 18.232528
-1.75697 18.263666
-1.76052 18.292
-1.760302 18.325681
-1.761808 18.357446
-1.768381 18.385295
-1.769197 18.415506
-1.769009 18.443646
-1.766943 18.472713
-1.767987 18.493835
-1.769071 18.521029
-1.771234 18.550301
-1.770765 18.578387
-1.773385 18.605176
-1.779217 18.638113
-1.78107 18.668281
-1.782533 18.698802
-1.786429 18.728805
-1.785273 18.759323
-1.787394 18.789719
-1.791119 18.823475
-1.790153 18.856378
-1.791641 18.888555
-1.792721 18.917867
-1.791468 18.944974
-1.789875 18.971632
-1.787347 18.997201
-1.786388 19.018931
-1.790758 19.046884
-1.789511 19.077529
-1.794196 19.116606
-1.80052 19.147802
-1.80063 19.176288
-1.803777 19.207725
-1.803829 19.234197
-1.807556 19.264071
-1.811247 19.301014
-1.813825 19.330306
-1.816732 19.356994
-1.816421 19.385206
-1.818075 19.415059
-1.819702 19.44338
-1.822579 19.471191
-1.824636 19.500934
-1.825819 19.532272
-1.823942 19.5651
-1.825083 19.594668
-1.827341 19.623827
-1.829404 19.657682
-1.828346 19.687908
-1.832026 19.720406
-1.830574 19.748032
-1.832382 19.775464
-1.832103 19.804614
-1.834941 19.831128
-1.83548 19.858992
-1.83341 19.887865
-1.8367 19.920312
-1.835183 19.949136
-1.833632 19.979226
-1.833888 20.005413
-1.835811 20.039961
-1.836837 20.069167
-1.836304 20.100892
-1.836659 20.126943
-1.835151 20.154291
-1.834043 20.185827
-1.836666 20.216051
-1.840707 20.245427
-1.838162 20.274042
-1.839495 20.300278
-1.837084 20.331445
-1.837157 20.358589
-1.838414 20.385387
-1.83847 20.421544
-1.838544 20.448097
-1.839488 20.4776
-1.840838 20.5077
-1.843764 20.536706
-1.848347 20.567149
-1.852387 20.600385
-1.855484 20.629802
-1.852292 20.657565
-1.852829 20.684802
-1.853787 20.71338
-1.856489 20.749703
-1.858518 20.774911
-1.858741 20.802026
-1.8589 20.830613
-1.864152 20.856971
-1.872968 20.885874
-1.874638 20.91512
-1.870442 20.948612
-1.874811 20.978183
-1.874631 21.004168
-1.873353 21.031172
-1.876168 21.057363
-1.875892 21.087517
-1.879615 21.125944
-1.886505 21.160131
-1.893668 21.190616
-1.900647 21.215673
-1.90207 21.239902
-1.902616 21.268199
-1.904174 21.300272
-1.906258 21.330047
-1.911171 21.358854
-1.914509 21.391463
-1.914695 21.424284
-1.913979 21.453461
-1.915918 21.483232
-1.920131 21.515637
-1.921173 21.538361
-1.922958 21.563246
-1.922581 21.590246
-1.924116 21.621797
-1.927498 21.647978
-1.929619 21.681685
-1.930624 21.712469
-1.934299 21.742531
-1.931933 21.773156
-1.93075 21.803796
-1.938285 21.83301
-1.939812 21.866604
-1.945127 21.896186
-1.946481 21.925871
-1.946181 21.949818
-1.9483 21.97717
-1.947605 22.003795
-1.950922 22.033632
-1.953545 22.067519
-1.956203 22.108407
-1.963043 22.133588
-1.968495 22.161536
-1.972426 22.191287
-1.968948 22.216404
-1.968296 22.242884
-1.973923 22.271853
-1.976229 22.302621
-1.977679 22.334043
-1.980285 22.366957
-1.984331 22.395798
-1.988153 22.428792
-1.990896 22.462802
-1.993535 22.491249
-1.996082 22.529416
-2.001085 22.564589
-2.002056 22.598386
-2.009521 22.627195
-2.01222 22.660438
-2.008753 22.689701
-2.009422 22.715667
-2.012921 22.732884
-2.022621 22.755246
-2.02383 22.782398
-2.025451 22.816254
-2.02977 22.847922
-2.032185 22.876519
-2.035209 22.902784
-2.040126 22.932856
-2.04157 22.964072
-2.043413 22.995749
-2.044888 23.025067
-2.046287 23.05413
-2.049895 23.0874
-2.051177 23.119715
-2.055578 23.150174
-2.059893 23.17682
-2.063193 23.205996
-2.06361 23.23259
-2.065484 23.267146
-2.067071 23.291255
-2.069851 23.319054
-2.067564 23.349023
-2.068208 23.372483
-2.070474 23.396452
-2.072154 23.422528
-2.076403 23.464267
-2.079335 23.500386
-2.085955 23.534828
-2.08492 23.564365
-2.085601 23.596331
-2.090113 23.628572
-2.089223 23.6556
-2.087416 23.686187
-2.094007 23.715443
-2.09344 23.747629
-2.097117 23.777303
-2.09998 23.807304
-2.10217 23.828392
-2.104878 23.855895
-2.108575 23.886249
-2.109367 23.912798
-2.111489 23.940634
-2.111478 23.963724
-2.113457 23.995614
-2.115693 24.025259
-2.11712 24.055833
-2.119911 24.086433
-2.120969 24.118955
-2.122291 24.149685
-2.12523 24.180028
-2.125957 24.211225
-2.131452 24.243297
-2.134847 24.274874
-2.14092 24.298655
-2.1467 24.322213
-2.153853 24.358361
-2.157621 24.390408
-2.163169 24.414893
-2.159849 24.440219
-2.163515 24.473638
-2.163862 24.500851
-2.17099 24.533582
-2.173436 24.565163
-2.172291 24.595356
-2.177014 24.629757
-2.179868 24.6607
-2.18159 24.689751
-2.182999 24.7181
-2.186113 24.749153
-2.186534 24.777012
-2.185882 24.806154
-2.188197 24.839324
-2.187446 24.867593
-2.189363 24.89487
-2.193247 24.917691
-2.200753 24.947345
-2.205167 24.978325
-2.210458 25.004032
-2.216519 25.028577
-2.22121 25.060671
-2.223619 25.092298
-2.223783 25.116884
-2.227069 25.154885
-2.232254 25.182019
-2.237 25.211563
-2.239516 25.247264
-2.241395 25.278911
-2.245472 25.312985
-2.248378 25.34258
-2.251521 25.370712
-2.253236 25.399081
-2.256612 25.427821
-2.256918 25.456885
-2.262134 25.480732
-2.261744 25.508625
-2.262103 25.537173
-2.26243 25.570715
-2.265873 25.600564
-2.270465 25.631719
-2.270183 25.662552
-2.272173 25.692604
-2.272974 25.721944
-2.274966 25.746133
-2.277365 25.773134
-2.278383 25.805542
-2.281165 25.846342
-2.287152 25.881035
-2.293972 25.907518
-2.295595 25.932165
-2.298644 25.953818
-2.301402 25.98699
-2.30831 26.015826
-2.310398 26.041536
-2.309995 26.073471
-2.313045 26.104435
-2.316971 26.138952
-2.317642 26.170775
-2.322897 26.202213
-2.323499 26.235285
-2.325888 26.264064
-2.320131 26.28398
-2.320521 26.307696
-2.326282 26.334744
-2.331336 26.35573
-2.333066 26.38468
-2.336042 26.419142
-2.343426 26.456098
-2.346093 26.488262
-2.348997 26.511972
-2.350167 26.539685
-2.351548 26.569098
-2.354412 26.600396
-2.35986 26.635736
-2.36542 26.670445
-2.36926 26.700749
-2.373627 26.730267
-2.37398 26.756195
-2.378091 26.786624
-2.381684 26.82495
-2.384725 26.857668
-2.387163 26.884112
-2.393441 26.91192
-2.396111 26.940998
-2.398794 26.971852
-2.403795 27.002877
-2.407973 27.031441
-2.414222 27.061382
-2.419729 27.096842
-2.42413 27.126995
-2.425247 27.158717
-2.428234 27.187275
-2.429537 27.217927
-2.434297 27.243273
-2.437233 27.271816
-2.439441 27.305247
-2.442932 27.334697
-2.44571 27.357866
-2.44867 27.38805
-2.452972 27.416109
-2.453744 27.447687
-2.459059 27.472365
-2.461644 27.500667
-2.465596 27.529937
-2.468026 27.562025
-2.470617 27.591875
-2.471852 27.623345
-2.475584 27.65208
-2.475643 27.685447
-2.479863 27.716715
-2.483623 27.747773
-2.486423 27.774749
-2.488385 27.802127
-2.492132 27.831246
-2.494959 27.862288
-2.495465 27.89112
-2.49804 27.918668
-2.497645 27.948812
-2.498551 27.980591
-2.501677 28.013245
-2.502332 28.04593
-2.5061 28.077038
-2.508419 28.106071
-2.513072 28.134557
-2.514732 28.163375
-2.518307 28.190154
-2.520179 28.216434
-2.524865 28.245454
-2.526733 28.276491
-2.527846 28.309385
-2.532964 28.336797
-2.537065 28.370831
-2.539157 28.400483
-2.542883 28.430261
-2.542978 28.460508
-2.543235 28.487779
-2.546619 28.518062
-2.550747 28.55039
-2.554615 28.583885
-2.553374 28.612507
-2.557051 28.639787
-2.564742 28.661284
-2.573976 28.684963
-2.577704 28.714119
-2.577896 28.743007
-2.580878 28.775987
-2.586097 28.807745
-2.587269 28.844199
-2.587441 28.876387
-2.59096 28.902687
-2.592737 28.927183
-2.595219 28.950813
-2.598642 28.977193
-2.600781 29.003768
-2.602435 29.032724
-2.60618 29.064596
-2.610144 29.095933
-2.617085 29.134368
-2.619717 29.17018
-2.623425 29.203097
-2.62657 29.229807
-2.629452 29.258871
-2.630515 29.287679
-2.631562 29.313257
-2.630382 29.342347
-2.633336 29.370911
-2.635665 29.395412
-2.638553 29.428318
-2.644659 29.460757
-2.652028 29.491862
-2.655141 29.52751
-2.657167 29.563327
-2.657592 29.594853
-2.661824 29.622723
-2.662989 29.650449
-2.662287 29.677465
-2.665633 29.706947
-2.666056 29.730742
-2.667093 29.760187
-2.672542 29.794404
-2.678311 29.825533
-2.686787 29.845291
-2.693667 29.865508
-2.697821 29.894077
-2.701622 29.92823
-2.703966 29.960959
-2.708293 29.991606
-2.71188 30.019655
-2.714302 30.051534
-2.715829 30.080479
-2.717327 30.109984
-2.718439 30.138738
-2.718647 30.167732
-2.720898 30.195894
-2.726148 30.224346
-2.7292 30.255098
-2.72973 30.287734
-2.732308 30.317516
-2.731953 30.349603
-2.738139 30.381695
-2.738056 30.410048
-2.7405 30.443818
-2.742276 30.473627
-2.745087 30.505074
-2.74581 30.533879
-2.747427 30.562156
-2.747692 30.589568
-2.750722 30.618499
-2.750214 30.646227
-2.755222 30.676563
-2.762443 30.708671
-2.765739 30.740596
-2.767454 30.776886
-2.769145 30.811071
-2.769155 30.838494
-2.770076 30.86625
-2.772692 30.897112
-2.781041 30.924698
-2.785728 30.957018
-2.794251 30.986457
-2.798645 31.013341
-2.802869 31.035968
-2.801142 31.064128
-2.808752 31.100922
-2.810966 31.133756
-2.811134 31.164684
-2.814988 31.1961
-2.819029 31.226117
-2.820132 31.254111
-2.824026 31.28274
-2.826734 31.306923
-2.830296 31.334858
-2.833663 31.359265
-2.836972 31.386246
-2.837375 31.41428
-2.839739 31.443608
-2.844577 31.468788
-2.847415 31.506756
-2.852864 31.542426
-2.855962 31.573976
-2.858677 31.606852
-2.861384 31.638676
-2.863112 31.668206
-2.865923 31.701676
-2.871502 31.737734
-2.874336 31.771293
-2.874603 31.799359
-2.876279 31.826695
-2.879545 31.855931
-2.880363 31.885807
-2.881775 31.915139
-2.885251 31.943776
-2.887333 31.97171
-2.889915 32.001808
-2.893133 32.030903
-2.897693 32.062934
-2.898035 32.094652
-2.899181 32.118344
-2.898327 32.140623
-2.900507 32.163061
-2.903934 32.196048
-2.907158 32.229202
-2.908932 32.254513
-2.908545 32.282741
-2.912332 32.312987
-2.911936 32.347973
-2.916434 32.379035
-2.922 32.416801
-2.93193 32.448623
-2.933567 32.474574
-2.935336 32.503863
-2.937899 32.533177
-2.942296 32.561523
-2.943284 32.587804
-2.945256 32.617404
-2.946746 32.648117
-2.949615 32.678623
-2.949493 32.706672
-2.952969 32.738078
-2.952434 32.770109
-2.954286 32.795114
-2.957879 32.825061
-2.961095 32.857945
-2.962753 32.887861
-2.96431 32.914857
-2.967274 32.942892
-2.972103 32.974148
-2.972916 33.006093
-2.978133 33.03423
-2.976958 33.066311
-2.978421 33.093744
-2.982432 33.125074
-2.981289 33.151381
-2.986955 33.182145
-2.988214 33.216
-2.995508 33.247896
-3.005279 33.28031
-3.009493 33.307075
-3.015205 33.32832
-3.014197 33.354438
-3.014732 33.383436
-3.018193 33.406164
-3.021596 33.434612
-3.025018 33.468498
-3.026563 33.501704
-3.032233 33.532878
-3.032635 33.560273
-3.035972 33.586963
-3.03559 33.623976
-3.039121 33.652666
-3.043535 33.677422
-3.045937 33.708727
-3.045751 33.728761
-3.050399 33.752002
-3.052373 33.766783
-3.051422 33.778999
-3.050185 33.796845
-3.050589 33.809567
-3.055023 33.820516
-3.046378 33.813665
-3.03654 33.826315
-3.032692 33.819596
-3.026137 33.819777
-3.327495 16.959091
-3.340046 16.960313
-3.345509 16.959906
-3.347301 16.970659
-3.345757 16.990646
-3.348196 17.007134
-3.349585 17.027004
-3.356078 17.056899
-3.354729 17.083924
-3.35954 17.116537
-3.361738 17.145154
-3.364925 17.168316
-3.368006 17.202682
-3.372013 17.232118
-3.373462 17.260894
-3.377269 17.289873
-3.378356 17.319561
-3.383064 17.351623
-3.386424 17.390004
-3.387164 17.425144
-3.389325 17.452392
-3.388941 17.47894
-3.393316 17.507184
-3.396028 17.537351
-3.396034 17.566643
-3.399353 17.59557
-3.399659 17.628404
-3.399168 17.656602
-3.402098 17.680715
-3.405526 17.707082
-3.40843 17.739632
-3.412207 17.768203
-3.413284 17.794964
-3.415758 17.820216
-3.416584 17.847174
-3.417861 17.877782
-3.419815 17.908244
-3.42096 17.941218
-3.423277 17.977319
-3.426422 18.004767
-3.43089 18.033569
-3.433609 18.064866
-3.435557 18.093667
-3.439859 18.125853
-3.439414 18.159622
-3.442002 18.190461
-3.445668 18.220172
-3.445881 18.24621
-3.448978 18.278137
-3.451845 18.306025
-3.453165 18.336328
-3.455453 18.361234
-3.456364 18.390587
-3.458202 18.421145
-3.459831 18.447487
-3.460878 18.478896
-3.463895 18.50945
-3.465467 18.541507
-3.46482 18.571371
-3.467608 18.599821
-3.466969 18.635837
-3.471535 18.66305
-3.472092 18.694214
-3.473007 18.721601
-3.473689 18.74771
-3.476655 18.777304
-3.481211 18.804034
-3.481554 18.834295
-3.484693 18.862349
-3.486305 18.89309
-3.488498 18.922549
-3.488113 18.9484
-3.48885 18.981421
-3.489776 19.016996
-3.492198 19.048351
-3.492674 19.074699
-3.494058 19.096505
-3.495095 19.123511
-3.49529 19.152243
-3.495786 19.18323
-3.499924 19.221723
-3.501464 19.248862
-3.501273 19.278455
-3.502966 19.311106
-3.50537 19.345623
-3.507356 19.368984
-3.50988 19.396047
-3.512217 19.429228
-3.514369 19.462253
-3.515818 19.491273
-3.518561 19.521149
-3.521896 19.552702
-3.520286 19.58631
-3.524409 19.622395
-3.523952 19.651492
-3.525625 19.677532
-3.529231 19.701966
-3.531209 19.736535
-3.533573 19.76348
-3.537189 19.798953
-3.541721 19.834627
-3.543717 19.868211
-3.546698 19.893797
-3.549283 19.921712
-3.550376 19.945668
-3.55 19.968353
-3.548832 19.98935
-3.55336 20.020256
-3.554416 20.05033
-3.558374 20.083019
-3.559662 20.123378
-3.563977 20.155033
-3.566413 20.18109
-3.568909 20.210861
-3.567971 20.233796
-3.57255 20.260687
-3.57627 20.289902
-3.588617 20.317611
-3.591309 20.350214
-3.591995 20.381297
-3.594802 20.416093
-3.597072 20.445345
-3.599654 20.473004
-3.603612 20.499468
-3.606235 20.532091
-3.606261 20.556359
-3.607703 20.584122
-3.609304 20.614796
-3.612458 20.6472
-3.613785 20.677102
-3.617135 20.70567
-3.61714 20.739444
-3.620937 20.770376
-3.62161 20.802786
-3.624169 20.829876
-3.626124 20.863044
-3.631242 20.893932
-3.633151 20.924243
-3.635043 20.950643
-3.637389 20.977997
-3.637772 21.008355
-3.640617 21.044461
-3.641679 21.078804
-3.642086 21.112907
-3.647599 21.13822
-3.651673 21.156795
-3.651813 21.175624
-3.655089 21.203768
-3.654085 21.237
-3.658027 21.273036
-3.661581 21.306363
-3.662469 21.334533
-3.660604 21.360182
-3.664721 21.385461
-3.666855 21.416585
-3.66891 21.446496
-3.670363 21.481207
-3.673727 21.514983
-3.67274 21.544391
-3.675675 21.571579
-3.675508 21.602803
-3.678831 21.632214
-3.67888 21.664372
-3.684131 21.695889
-3.686679 21.726771
-3.688417 21.758336
-3.692573 21.787555
-3.69673 21.818217
-3.699494 21.852939
-3.702543 21.889351
-3.705385 21.922151
-3.70614 21.943655
-3.70836 21.967948
-3.709575 21.994598
-3.712909 22.022513
-3.716367 22.049852
-3.717601 22.084223
-3.719933 22.121529
-3.72439 22.147547
-3.7261 22.172779
-3.727752 22.197495
-3.730763 22.227685
-3.734828 22.250177
-3.736756 22.278871
-3.739666 22.316092
-3.745333 22.353729
-3.749985 22.382428
-3.753286 22.406373
-3.753605 22.436255
-3.753673 22.466017
-3.753831 22.493882
-3.755087 22.520253
-3.75649 22.548684
-3.758215 22.584361
-3.762916 22.619847
-3.76901 22.655282
-3.769175 22.684068
-3.773788 22.709743
-3.776677 22.739279
-3.780039 22.771098
-3.78337 22.803365
-3.789403 22.832584
-3.79305 22.858304
-3.792558 22.884751
-3.795283 22.92135
-3.801995 22.950005
-3.801976 22.979022
-3.804482 23.008362
-3.807242 23.046815
-3.809426 23.083771
-3.813332 23.117182
-3.81943 23.151124
-3.825725 23.18675
-3.831655 23.211853
-3.830921 23.231842
-3.832978 23.25887
-3.834968 23.282076
-3.836787 23.30621
-3.838749 23.337233
-3.839056 23.359103
-3.84345 23.390947
-3.84769 23.417248
-3.849928 23.445462
-3.855933 23.476279
-3.859574 23.500593
-3.861422 23.530787
-3.866321 23.561492
-3.873404 23.593679
-3.877083 23.632239
-3.884856 23.663192
-3.885741 23.697051
-3.88859 23.726673
-3.890747 23.754316
-3.89553 23.783279
-3.898253 23.813679
-3.89905 23.840391
-3.902114 23.87007
-3.905644 23.899927
-3.911583 23.931937
-3.913801 23.958839
-3.917234 23.982821
-3.919297 24.013069
-3.925449 24.04202
-3.928664 24.071619
-3.935745 24.10134
-3.939159 24.130565
-3.944713 24.161874
-3.949255 24.190676
-3.949965 24.217366
-3.955856 24.247391
-3.959423 24.27208
-3.962505 24.297992
-3.960657 24.325361
-3.963248 24.355674
-3.966024 24.385568
-3.970998 24.414477
-3.970742 24.442428
-3.971463 24.473065
-3.974094 24.506651
-3.976422 24.540587
-3.979492 24.571688
-3.980885 24.604003
-3.980242 24.631806
-3.983221 24.663927
-3.985718 24.693878
-3.986375 24.72357
-3.989449 24.74743
-3.989848 24.775511
-3.992718 24.808005
-3.994969 24.837108
-3.998665 24.865689
-4.006287 24.894831
-4.007583 24.91731
-4.008214 24.938749
-4.01303 24.964573
-4.018811 24.994467
-4.017743 25.023608
-4.019009 25.057077
-4.020892 25.092244
-4.023187 25.123685
-4.023935 25.157146
-4.028404 25.189866
-4.029934 25.221505
-4.031709 25.250441
-4.03286 25.273605
-4.033093 25.304525
-4.03672 25.335258
-4.037103 25.364894
-4.037635 25.389725
-4.036686 25.420597
-4.039134 25.453244
-4.043748 25.490179
-4.043086 25.521646
-4.045429 25.549542
-4.047158 25.581116
-4.046159 25.617956
-4.049514 25.647813
-4.054608 25.678274
-4.057998 25.706073
-4.05953 25.735388
-4.06207 25.760068
-4.064657 25.788837
-4.06582 25.8173
-4.069031 25.849369
-4.071098 25.874445
-4.076959 25.899601
-4.080551 25.916739
-4.081303 25.951109
-4.081649 26.004947
-4.082191 26.044023
-4.084152 26.067348
-4.088686 26.087738
-4.091449 26.11604
-4.094028 26.14533
-4.095039 26.176101
-4.097158 26.204263
-4.0998 26.237739
-4.102997 26.267134
-4.104393 26.297269
-4.106585 26.324664
-4.107293 26.35407
-4.112981 26.386868
-4.118392 26.422147
-4.123038 26.450212
-4.12423 26.476968
-4.126165 26.51184
-4.127395 26.545876
-4.129805 26.570868
-4.132604 26.595944
-4.13494 26.622548
-4.138332 26.647927
-4.141103 26.669764
-4.146779 26.698671
-4.14943 26.723584
-4.151855 26.756315
-4.155941 26.797176
-4.162016 26.834068
-4.166195 26.862489
-4.169208 26.885085
-4.170734 26.914319
-4.173881 26.95078
-4.177376 26.990529
-4.180576 27.019414
-4.18263 27.045804
-4.185608 27.078653
-4.186767 27.107635
-4.1921 27.138083
-4.195262 27.16587
-4.195539 27.187986
-4.202938 27.212555
-4.207968 27.236369
-4.216067 27.267734
-4.216306 27.290015
-4.215898 27.319077
-4.219721 27.347617
-4.223524 27.371095
-4.226005 27.402461
-4.230083 27.43913
-4.233512 27.472957
-4.233753 27.505271
-4.237653 27.535098
-4.238354 27.560858
-4.241287 27.583837
-4.24529 27.614921
-4.248215 27.640489
-4.251905 27.67536
-4.257162 27.713111
-4.267937 27.742065
-4.272954 27.765406
-4.268931 27.790708
-4.27187 27.817135
-4.275229 27.853661
-4.275937 27.886719
-4.279209 27.919183
-4.281941 27.951686
-4.283646 27.976401
-4.287269 27.999324
-4.289048 28.032194
-4.291591 28.066341
-4.295995 28.100233
-4.297059 28.133088
-4.298386 28.163487
-4.300583 28.201074
-4.307129 28.237929
-4.31168 28.267662
-4.316064 28.287779
-4.321056 28.303367
-4.325779 28.33354
-4.326662 28.365159
-4.328696 28.391074
-4.329574 28.420149
-4.329321 28.453185
-4.334653 28.491064
-4.336924 28.519987
-4.343549 28.560388
-4.347938 28.595663
-4.351833 28.62417
-4.352754 28.650663
-4.355104 28.675954
-4.357701 28.701328
-4.359157 28.726426
-4.359118 28.76006
-4.361447 28.78397
-4.367297 28.810825
-4.368489 28.834505
-4.369348 28.861104
-4.366938 28.885507
-4.370322 28.91253
-4.369755 28.941432
-4.37371 28.975341
-4.376717 29.008329
-4.382091 29.039763
-4.384093 29.071989
-4.391488 29.100881
-4.394478 29.129369
-4.397958 29.159342
-4.401125 29.186072
-4.40199 29.219572
-4.403591 29.254571
-4.406565 29.283132
-4.410117 29.311416
-4.413745 29.337882
-4.418201 29.364647
-4.420729 29.394247
-4.424642 29.425953
-4.425366 29.455208
-4.425323 29.481679
-4.425971 29.509763
-4.425631 29.543598
-4.428265 29.569943
-4.428882 29.59571
-4.426231 29.625655
-4.427985 29.6575
-4.429111 29.685976
-4.428875 29.711314
-4.428743 29.741001
-4.428338 29.77766
-4.43291 29.808945
-4.436207 29.834021
-4.438011 29.863193
-4.439438 29.897035
-4.437383 29.934344
-4.441503 29.957349
-4.443359 29.98234
-4.444423 30.010269
-4.448275 30.037097
-4.450373 30.06259
-4.452948 30.088171
-4.4553 30.116797
-4.454854 30.14945
-4.456138 30.176655
-4.452665 30.204084
-4.455147 30.237721
-4.456912 30.266794
-4.461408 30.299162
-4.460681 30.33198
-4.459335 30.367959
-4.457485 30.397436
-4.462892 30.428732
-4.462323 30.457401
-4.464028 30.484377
-4.465467 30.509676
-4.466253 30.537463
-4.468572 30.568441
-4.46887 30.598436
-4.471675 30.626278
-4.472381 30.652072
-4.473036 30.683563
-4.476589 30.716303
-4.477263 30.749808
-4.478563 30.77919
-4.479905 30.806425
-4.481016 30.836966
-4.487045 30.872778
-4.492105 30.903608
-4.489873 30.929375
-4.492678 30.954775
-4.492782 30.984424
-4.496549 31.013769
-4.497704 31.047753
-4.500421 31.075876
-4.502986 31.107687
-4.504292 31.137842
-4.507962 31.167747
-4.508599 31.196325
-4.5087 31.221225
-4.513082 31.251123
-4.518034 31.283748
-4.51971 31.318902
-4.522917 31.347591
-4.527783 31.376309
-4.528476 31.405695
-4.529612 31.433727
-4.53365 31.463394
-4.538023 31.500205
-4.538592 31.528874
-4.542044 31.55447
-4.547572 31.580422
-4.552148 31.612177
-4.556369 31.63755
-4.561689 31.670869
-4.566302 31.703347
-4.567153 31.734756
-4.568372 31.765423
-4.569924 31.790054
-4.573451 31.812711
-4.571656 31.834847
-4.576431 31.865501
-4.579302 31.904977
-4.580978 31.937545
-4.580431 31.967274
-4.582355 31.996696
-4.586896 32.02532
-4.586649 32.05668
-4.589942 32.087087
-4.591491 32.116134
-4.592668 32.141144
-4.595626 32.167991
-4.596157 32.193801
-4.601235 32.218236
-4.604607 32.245631
-4.608418 32.286016
-4.61293 32.321763
-4.616424 32.353656
-4.61605 32.387069
-4.616504 32.412767
-4.615962 32.439707
-4.619702 32.468588
-4.619558 32.50162
-4.622777 32.525336
-4.622325 32.545956
-4.623823 32.565644
-4.625384 32.593209
-4.627719 32.624346
-4.630724 32.652801
-4.631388 32.686783
-4.634896 32.721744
-4.631565 32.759287
-4.631702 32.795734
-4.633501 32.830409
-4.636154 32.867396
-4.634399 32.901533
-4.63638 32.930423
-4.636696 32.959251
-4.639114 32.982899
-4.636438 33.00242
-4.64308 33.019715
-4.640927 33.040078
-4.643967 33.067103
-4.644131 33.08799
-4.643448 33.113459
-4.646306 33.140095
-4.643556 33.162523
-4.642729 33.192831
-4.64084 33.221341
-4.643957 33.257718
-4.647138 33.292386
-4.645572 33.337867
-4.646126 33.38124
-4.644854 33.429976
-4.645249 33.474574
-4.644233 33.515688
-4.646762 33.553473
-4.648532 33.583972
-4.646223 33.608698
-4.651006 33.618395
-4.648233 33.633002
-4.626934 33.628633
-4.621352 33.619192
-3.027107 33.803043
-3.034603 33.800797
-3.039673 33.801319
-3.036392 33.799948
-3.041177 33.798643
-3.058662 33.794534
-3.071306 33.806067
-3.078859 33.816751
-3.073155 33.825142
-3.083115 33.814761
-3.073455 33.819532
-3.086677 33.818468
-3.094587 33.808752
-3.114802 33.801675
-3.146253 33.799264
-3.169986 33.791398
-3.194598 33.77658
-3.22817 33.763288
-3.254489 33.750654
-3.294195 33.740195
-3.33348 33.724251
-3.374803 33.715925
-3.415651 33.718638
-3.457877 33.726749
-3.49513 33.729926
-3.530136 33.736352
-3.558865 33.739627
-3.583639 33.74132
-3.604266 33.738675
-3.623805 33.730461
-3.64639 33.729703
-3.669504 33.728645
-3.692417 33.730702
-3.718682 33.728057
-3.746337 33.723909
-3.782423 33.710793
-3.817457 33.702632
-3.851999 33.702063
-3.88762 33.696842
-3.927027 33.698354
-3.960649 33.693347
-3.98859 33.682116
-4.016776 33.682606
-4.046639 33.687141
-4.072582 33.694986
-4.102042 33.701412
-4.12744 33.697205
-4.146277 33.690924
-4.173598 33.68972
-4.198746 33.685003
-4.227253 33.685793
-4.260248 33.683686
-4.298412 33.681353
-4.330033 33.673759
-4.36203 33.667461
-4.392596 33.664201
-4.423701 33.663331
-4.450438 33.656878
-4.482731 33.651429
-4.509421 33.644441
-4.534669 33.639668
-4.559377 33.636214
-4.58297 33.636014
-4.602659 33.639111
-4.618427 33.638485
-4.630418 33.635823
-4.643922 33.632572
-4.649308 33.623304
-4.647103 33.63371
-4.654389 33.640969
-4.651544 33.629605
-4.650599 33.641537
-4.642554 33.643556
-4.630494 33.646385
-4.622529 33.650932
