-0.006349 0.009978
0.007469 0.007417
0.013884 0.015935
0.011819 0.036299
0.013336 0.049831
0.011657 0.071612
0.012293 0.094473
0.012207 0.118002
0.01572 0.146172
0.016876 0.174698
0.016856 0.199943
0.018443 0.223257
0.018836 0.245164
0.017227 0.269769
0.017476 0.285913
0.017502 0.299817
0.013294 0.312109
0.013375 0.326448
0.015098 0.340989
0.013296 0.353832
0.014124 0.374723
0.015337 0.390682
0.019864 0.410463
0.017631 0.43042
0.017046 0.449783
0.014951 0.465264
0.014236 0.484529
0.011949 0.50433
0.010481 0.52487
0.012004 0.543814
0.011358 0.562968
0.011953 0.582594
0.016097 0.602671
0.015043 0.618421
0.016536 0.637205
0.014941 0.655785
0.019472 0.676713
0.02043 0.695191
0.020534 0.713314
0.019607 0.731317
0.022474 0.748762
0.022469 0.769131
0.020425 0.783649
0.022047 0.802924
0.020203 0.820699
0.019959 0.838023
0.018078 0.856891
0.016872 0.873655
0.016266 0.892754
0.017333 0.910948
0.017578 0.932926
0.016103 0.954075
0.014308 0.973386
0.014851 0.993887
0.014785 1.01405
0.01473 1.03165
0.014402 1.04934
0.013576 1.06559
0.015149 1.07947
0.014788 1.09308
0.011441 1.1103
0.01156 1.12647
0.016897 1.14457
0.02182 1.1638
0.022331 1.18494
0.021995 1.20605
0.020368 1.22753
0.020249 1.2458
0.021443 1.26513
0.023633 1.28202
0.025144 1.30021
0.024158 1.31758
0.026481 1.33575
0.026108 1.35163
0.024929 1.37378
0.024237 1.39204
0.021125 1.41153
0.022359 1.43038
0.02578 1.45461
0.024695 1.47201
0.032916 1.4869
0.035096 1.50537
0.036554 1.51923
0.038279 1.53517
0.038701 1.55323
0.039216 1.56795
0.038223 1.58401
0.039861 1.6033
0.041293 1.61935
0.042041 1.6358
0.037623 1.65572
0.037713 1.67549
0.038206 1.69638
0.038151 1.71619
0.037952 1.73459
0.03784 1.75442
0.039473 1.77566
0.038179 1.79696
0.037282 1.8133
0.036679 1.83108
0.034799 1.85061
0.035587 1.8693
0.035656 1.88706
0.038126 1.90871
0.036338 1.92713
0.035791 1.94573
0.035557 1.96433
0.033775 1.9821
0.034284 2.0045
0.035369 2.02291
0.034312 2.04066
0.034497 2.05952
0.036199 2.0759
0.034756 2.09413
0.036158 2.11238
0.03724 2.13
0.035524 2.15215
0.035396 2.17054
0.036222 2.18936
0.038823 2.20713
0.041384 2.22072
0.044988 2.2335
0.044143 2.24656
0.044494 2.26144
0.048249 2.27939
0.050579 2.29435
0.051098 2.30907
0.053577 2.3312
0.053677 2.35001
0.053294 2.36709
0.054647 2.3863
0.054818 2.4006
0.054331 2.41772
0.056756 2.43764
0.052964 2.45494
0.049496 2.4718
0.049184 2.49225
0.049087 2.50979
0.051044 2.53338
0.049036 2.55241
0.048662 2.57233
0.05108 2.59008
0.052358 2.60892
0.049909 2.62995
0.050568 2.64909
0.053138 2.668
0.054648 2.6879
0.05512 2.70862
0.052236 2.72746
0.057577 2.74637
0.058073 2.76602
0.058529 2.78366
0.056038 2.80273
0.057532 2.81994
0.05529 2.83887
0.057261 2.8575
0.056235 2.8782
0.055122 2.89791
0.0542 2.91932
0.054999 2.93766
0.059517 2.96007
0.061328 2.9811
0.061519 3.00095
0.060892 3.01907
0.063993 3.03659
0.063996 3.05444
0.061451 3.07103
0.063015 3.08697
0.062634 3.10635
0.063339 3.12717
0.061842 3.15237
0.062238 3.17119
0.063292 3.19101
0.060952 3.21146
0.061731 3.23003
0.062725 3.24818
0.060909 3.26543
0.060104 3.28305
0.061817 3.29953
0.060848 3.31492
0.058115 3.33299
0.058057 3.35536
0.059541 3.3743
0.059433 3.39438
0.059152 3.41439
0.058072 3.43716
0.056139 3.45701
0.055754 3.47686
0.05496 3.49661
0.055639 3.51372
0.054631 3.53316
0.058693 3.54726
0.05965 3.56212
0.059227 3.5793
0.058123 3.59485
0.056932 3.61323
0.056127 3.63122
0.056807 3.64848
0.05704 3.66319
0.057975 3.68119
0.061951 3.7062
0.064351 3.72523
0.064254 3.74285
0.065213 3.7606
0.063312 3.77954
0.062556 3.79645
0.06287 3.81238
0.062622 3.83006
0.064187 3.84859
0.063639 3.86879
0.063369 3.88894
0.061047 3.90741
0.061103 3.92915
0.062369 3.94728
0.061377 3.96844
0.062604 3.98717
0.062082 4.00347
0.061742 4.02513
0.063116 4.04611
0.064677 4.06275
0.065042 4.07945
0.062843 4.09947
0.062305 4.11734
0.061246 4.13594
0.061013 4.15457
0.058757 4.173
0.057838 4.19003
0.058514 4.20699
0.060193 4.22537
0.059897 4.24188
0.060328 4.2615
0.059478 4.28129
0.060469 4.30214
0.060945 4.32437
0.063039 4.34521
0.061478 4.36543
0.063347 4.38424
0.060927 4.39925
0.059677 4.41596
0.064705 4.43054
0.06367 4.45062
0.063281 4.46622
0.067257 4.48287
0.065005 4.49889
0.063711 4.51901
0.065135 4.53876
0.062718 4.56056
0.060137 4.58145
0.060313 4.59976
0.060308 4.62132
0.061075 4.64
0.057629 4.65856
0.057917 4.6751
0.061035 4.69082
0.063723 4.71071
0.061565 4.72899
0.061144 4.74755
0.060976 4.76475
0.060848 4.78374
0.058916 4.8024
0.057151 4.82114
0.055768 4.84256
0.056654 4.86355
0.055181 4.88429
0.056359 4.90092
0.05504 4.91737
0.057628 4.93342
0.058229 4.94726
0.060785 4.96295
0.060572 4.97988
0.063316 4.9969
0.063182 5.01439
0.062062 5.03052
0.061221 5.0458
0.062725 5.06468
0.061701 5.08459
0.061484 5.10667
0.062912 5.12767
0.062162 5.14635
0.062313 5.16468
0.061509 5.1807
0.062479 5.198
0.061608 5.21445
0.062651 5.23173
0.06416 5.24719
0.063855 5.26243
0.066114 5.27668
0.064836 5.29387
0.067454 5.31203
0.06586 5.33133
0.068407 5.35354
0.066854 5.37272
0.065141 5.39266
0.067352 5.40985
0.068077 5.42887
0.069392 5.44727
0.069014 5.46508
0.068816 5.48453
0.06674 5.50278
0.068435 5.5223
0.070368 5.53992
0.069645 5.55823
0.072288 5.57899
0.07035 5.59778
0.071126 5.61608
0.067664 5.63748
0.066534 5.65447
0.067476 5.67227
0.066293 5.69011
0.067711 5.70952
0.069258 5.72482
0.070007 5.7438
0.072511 5.76253
0.073308 5.78187
0.071207 5.8006
0.072714 5.81662
0.075598 5.83791
0.079609 5.86043
0.078945 5.88235
0.077445 5.90124
0.073752 5.91811
0.073815 5.93647
0.074863 5.95545
0.072904 5.97027
0.073558 5.98816
0.076385 6.00685
0.076917 6.02111
0.077492 6.03946
0.077647 6.05895
0.078378 6.07664
0.079869 6.09542
0.081348 6.11546
0.081693 6.13669
0.081595 6.15667
0.080139 6.17494
0.079238 6.19307
0.08149 6.2114
0.082191 6.23052
0.081966 6.24929
0.083638 6.26294
0.086624 6.28102
0.08553 6.29827
0.086713 6.31695
0.085939 6.33643
0.085322 6.35424
0.085598 6.37348
0.08103 6.39169
0.087037 6.40773
0.08008 6.41493
0.084676 6.42372
0.102355 6.42139
0.112333 6.43675
0.125489 6.42197
0.122319 6.43198
0.125052 6.44225
0.120116 6.46141
0.119558 6.4807
0.122227 6.50848
0.117663 6.5349
0.1139 6.56198
0.112361 6.58942
0.111211 6.61343
0.109998 6.63582
0.111721 6.65659
0.110304 6.67456
0.111655 6.68978
0.109975 6.70631
0.110179 6.71905
0.109499 6.73451
0.109464 6.75078
0.107723 6.76762
0.108781 6.78724
0.105977 6.80607
0.103059 6.82805
0.100829 6.84987
0.100725 6.87009
0.0972876 6.89133
0.0972606 6.91203
0.0952429 6.93359
0.0920693 6.95131
0.0923796 6.96944
0.0906236 6.98645
0.0902397 7.00698
0.0912625 7.02515
0.0916072 7.04476
0.0904708 7.06277
0.0913998 7.078
0.0884347 7.09839
0.085738 7.11859
0.087115 7.13765
0.0836228 7.15683
0.082244 7.17638
0.0807249 7.1943
0.0810511 7.21423
0.0776632 7.23235
0.0763247 7.25278
0.0768268 7.27054
0.0758917 7.28885
0.073461 7.30658
0.0727246 7.32513
0.0719222 7.3454
0.0706998 7.36537
0.0715421 7.38507
0.0706937 7.40572
0.0730585 7.42539
0.0720134 7.44399
0.0723472 7.45975
0.0746821 7.47478
0.0742681 7.49375
0.0721287 7.51078
0.0703099 7.52995
0.0727173 7.54981
0.0727081 7.56872
0.0726085 7.58841
0.0713032 7.60695
0.0717127 7.62589
0.0720225 7.64645
0.0712754 7.65995
0.0715773 7.67758
0.0709431 7.69477
0.0693285 7.71204
0.0705946 7.7302
0.0686322 7.75076
0.0688028 7.77171
0.0658639 7.79088
0.0651051 7.80916
0.0672207 7.83005
0.0664863 7.84814
0.0647716 7.86634
0.0636616 7.88545
0.0626056 7.90524
0.0581735 7.93311
0.0595123 7.95511
0.0591688 7.97667
0.0565404 7.9952
0.0580817 8.01663
0.05913 8.03199
0.058035 8.0502
0.0567825 8.068
0.0553175 8.08284
0.0534773 8.09912
0.0524706 8.11671
0.0501413 8.13164
0.0483671 8.14687
0.0503662 8.16637
0.0498422 8.18294
0.0489936 8.2003
0.049367 8.21774
0.0479842 8.23392
0.0486411 8.25148
0.0468071 8.27179
0.0440607 8.29099
0.0440301 8.30783
0.044379 8.32674
0.0442633 8.34187
0.0434826 8.36351
0.0432482 8.38229
0.0425793 8.40087
0.0422323 8.42194
0.041918 8.43839
0.0437374 8.45389
0.0442244 8.46627
0.0446765 8.47698
0.0430738 8.46653
0.0439083 8.47834
0.122671 8.57158
0.113735 8.58089
0.108196 8.5928
0.108704 8.60107
0.110648 8.60407
0.109052 8.59039
0.113477 8.59301
0.115702 8.59188
0.117709 8.591
0.114913 8.59143
0.117946 8.5871
0.118982 8.58486
0.118507 8.57969
0.119406 8.57686
0.121102 8.57691
0.119651 8.577
0.121722 8.57374
0.120884 8.57347
0.124044 8.57152
0.124117 8.56868
0.123661 8.57021
0.121819 8.56563
0.120487 8.56477
0.121872 8.56572
0.122044 8.56677
0.122629 8.55918
0.122092 8.55927
0.125127 8.55266
0.127343 8.55094
0.110415 8.55205
0.0955559 8.55475
0.0758949 8.55718
0.0439461 8.55492
0.0127685 8.55633
-0.0164456 8.5566
-0.0430468 8.55786
-0.0693622 8.55659
-0.0927604 8.5596
-0.11836 8.55649
-0.141762 8.55461
-0.161546 8.55612
-0.178848 8.55649
-0.19362 8.55475
-0.208527 8.55231
-0.221268 8.55227
-0.233683 8.55513
-0.244033 8.5563
-0.255632 8.55495
-0.271059 8.55522
-0.285847 8.55368
-0.307044 8.55848
-0.322126 8.55826
-0.342604 8.55544
-0.365084 8.55488
-0.387374 8.55334
-0.410196 8.55018
-0.430803 8.5483
-0.449528 8.54425
-0.467615 8.54462
-0.48499 8.54312
-0.507175 8.53906
-0.527489 8.53794
-0.546771 8.53526
-0.563031 8.53385
-0.579004 8.53394
-0.594319 8.5298
-0.608676 8.52942
-0.626413 8.5307
-0.644401 8.53317
-0.660356 8.53736
-0.67999 8.53595
-0.699721 8.53394
-0.71542 8.53011
-0.731306 8.52645
-0.750533 8.53008
-0.772933 8.5268
-0.794708 8.52535
-0.816828 8.52715
-0.838018 8.52603
-0.855873 8.52245
-0.874571 8.52344
-0.893968 8.52355
-0.90984 8.52712
-0.924349 8.52509
-0.940902 8.52534
-0.958345 8.52443
-0.974543 8.52308
-0.991571 8.52495
-1.0105 8.52381
-1.02815 8.52351
-1.05115 8.5236
-1.07007 8.52611
-1.08909 8.52294
-1.10851 8.52372
-1.12609 8.52462
-1.13809 8.52236
-1.15296 8.52215
-1.16729 8.52424
-1.18402 8.52541
-1.20043 8.5289
-1.22035 8.53108
-1.24416 8.535
-1.25909 8.5385
-1.27586 8.5403
-1.2955 8.54338
-1.31688 8.5493
-1.33582 8.55024
-1.35433 8.55117
-1.37095 8.5514
-1.38742 8.55268
-1.4049 8.55398
-1.42094 8.5567
-1.43987 8.55888
-1.46504 8.56048
-1.48594 8.56255
-1.50525 8.56314
-1.52132 8.56186
-1.53788 8.56285
-1.5565 8.56482
-1.57382 8.56709
-1.59388 8.57108
-1.60991 8.57216
-1.62179 8.57481
-1.63471 8.57587
-1.65026 8.57751
-1.66596 8.58006
-1.68007 8.57925
-1.69794 8.57951
-1.71259 8.58133
-1.72962 8.58191
-1.75186 8.58366
-1.77689 8.58909
-1.8017 8.59127
-1.82674 8.59074
-1.85364 8.59234
-1.87261 8.59208
-1.89077 8.59156
-1.90699 8.59028
-1.92065 8.5918
-1.93612 8.59294
-1.95383 8.59021
-1.96678 8.59304
-1.97989 8.59297
-1.99351 8.59334
-2.00747 8.59462
-2.02899 8.59794
-2.04585 8.60254
-2.06293 8.60001
-2.08003 8.60224
-2.09586 8.60348
-2.11557 8.60689
-2.13748 8.60711
-2.15625 8.6019
-2.17503 8.60381
-2.19245 8.60505
-2.2133 8.60491
-2.23737 8.6063
-2.25992 8.608
-2.28356 8.60743
-2.30675 8.61143
-2.32407 8.61144
-2.34679 8.61216
-2.36658 8.6129
-2.38818 8.61334
-2.40373 8.61635
-2.41974 8.61541
-2.43352 8.61605
-2.45126 8.61763
-2.46661 8.61795
-2.48086 8.61717
-2.4937 8.61687
-2.5096 8.61733
-2.52481 8.61966
-2.53582 8.62078
-2.52532 8.62114
-2.53245 8.61077
-2.53551 8.61115
-2.52419 8.61673
-2.53044 8.60598
-2.53058 8.62497
-2.52924 8.64003
-2.53165 8.65786
-2.53124 8.68513
-2.53029 8.70829
-2.5301 8.73723
-2.53385 8.76532
-2.52794 8.79101
-2.52738 8.81526
-2.52822 8.83754
-2.53038 8.86125
-2.52882 8.87939
-2.52807 8.89768
-2.53037 8.91389
-2.52934 8.92866
-2.5313 8.94436
-2.52962 8.95528
-2.5317 8.96921
-2.53218 8.98174
-2.53113 8.99799
-2.53312 9.01593
-2.53499 9.03351
-2.53153 9.05347
-2.53346 9.07713
-2.53392 9.10051
-2.53539 9.12126
-2.53534 9.13992
-2.53753 9.16337
-2.53486 9.18167
-2.53717 9.20019
-2.53925 9.21925
-2.53913 9.2361
-2.53613 9.25301
-2.5385 9.26919
-2.5381 9.28604
-2.54141 9.29955
-2.53816 9.31624
-2.5391 9.33386
-2.54091 9.35308
-2.5414 9.3734
-2.54165 9.39329
-2.54477 9.41539
-2.54935 9.43668
-2.54757 9.45812
-2.54902 9.47826
-2.54814 9.49525
-2.54479 9.5156
-2.54279 9.53395
-2.54298 9.54845
-2.54364 9.56402
-2.54582 9.58415
-2.54873 9.60385
-2.54877 9.62257
-2.55006 9.64141
-2.54912 9.65771
-2.54968 9.6749
-2.55139 9.69449
-2.55279 9.71388
-2.5531 9.73297
-2.55266 9.75104
-2.5551 9.76929
-2.55514 9.79014
-2.55543 9.809
-2.5566 9.82558
-2.55485 9.8436
-2.5539 9.86256
-2.55488 9.8791
-2.55519 9.8956
-2.55636 9.91105
-2.55499 9.92911
-2.5557 9.94398
-2.55561 9.96106
-2.55667 9.97951
-2.55867 9.99762
-2.55786 10.017
-2.5559 10.0353
-2.55604 10.0515
-2.55859 10.0709
-2.5666 10.0879
-2.56867 10.1046
-2.56944 10.1244
-2.56856 10.1413
-2.56601 10.1583
-2.56503 10.1728
-2.5668 10.1906
-2.56956 10.208
-2.56522 10.2238
-2.56424 10.2438
-2.56508 10.2595
-2.56676 10.2763
-2.56588 10.2948
-2.56594 10.3132
-2.56351 10.333
-2.5656 10.35
-2.56566 10.3656
-2.56719 10.3828
-2.56838 10.4018
-2.56653 10.419
-2.56578 10.4376
-2.56434 10.4548
-2.56357 10.4719
-2.56383 10.4905
-2.56264 10.5092
-2.56281 10.5278
-2.56437 10.5483
-2.56389 10.5713
-2.56417 10.5925
-2.56353 10.6106
-2.56245 10.6314
-2.5617 10.6483
-2.56376 10.6648
-2.56353 10.6812
-2.56136 10.6984
-2.56386 10.7149
-2.56394 10.7324
-2.56735 10.7503
-2.56845 10.7676
-2.56498 10.7853
-2.56914 10.8108
-2.57066 10.832
-2.57097 10.8506
-2.5696 10.8714
-2.57009 10.8903
-2.57237 10.9069
-2.57251 10.9237
-2.57542 10.9422
-2.57253 10.9588
-2.57286 10.9766
-2.57366 10.9913
-2.57429 11.0126
-2.57342 11.0332
-2.57314 11.0529
-2.57426 11.0715
-2.57165 11.0938
-2.57102 11.1102
-2.57159 11.1293
-2.56929 11.148
-2.57229 11.1668
-2.57116 11.1843
-2.56959 11.1997
-2.56853 11.2168
-2.56881 11.2342
-2.56741 11.2536
-2.56811 11.2734
-2.5703 11.2937
-2.57291 11.3158
-2.57083 11.3339
-2.57191 11.3561
-2.57179 11.3764
-2.57155 11.3981
-2.56969 11.4152
-2.57217 11.4335
-2.57064 11.4501
-2.57299 11.4653
-2.57244 11.4827
-2.57224 11.5011
-2.57474 11.5204
-2.57502 11.5396
-2.5754 11.5589
-2.57614 11.5792
-2.5755 11.5981
-2.5756 11.6204
-2.57503 11.6406
-2.57701 11.6612
-2.57587 11.6827
-2.57515 11.7028
-2.57494 11.7206
-2.57426 11.7381
-2.57613 11.7555
-2.57762 11.7701
-2.57776 11.7893
-2.57792 11.8108
-2.57874 11.8307
-2.58064 11.8504
-2.58222 11.8731
-2.5813 11.8951
-2.58008 11.9118
-2.58017 11.9269
-2.58244 11.945
-2.58329 11.964
-2.5827 11.9771
-2.58454 11.9983
-2.58359 12.0204
-2.58212 12.0373
-2.58275 12.0556
-2.58305 12.0721
-2.58377 12.088
-2.58499 12.1087
-2.58384 12.1262
-2.58277 12.1438
-2.58039 12.1615
-2.58018 12.183
-2.58073 12.2035
-2.57844 12.2222
-2.57887 12.2377
-2.57621 12.2559
-2.57646 12.271
-2.57488 12.2869
-2.57907 12.3017
-2.57924 12.3171
-2.5785 12.3355
-2.57725 12.3525
-2.57773 12.3726
-2.57866 12.3905
-2.58064 12.4097
-2.57829 12.43
-2.57855 12.449
-2.57648 12.4672
-2.57606 12.4904
-2.5761 12.5066
-2.57502 12.5231
-2.57384 12.5406
-2.57425 12.5609
-2.57412 12.5801
-2.57742 12.5987
-2.57541 12.6175
-2.57432 12.6395
-2.57512 12.6582
-2.57541 12.6757
-2.57528 12.6914
-2.57392 12.708
-2.57255 12.7284
-2.57346 12.7424
-2.57131 12.7618
-2.57195 12.7832
-2.57256 12.8018
-2.57348 12.8202
-2.57318 12.8407
-2.57587 12.8618
-2.57255 12.879
-2.57082 12.9016
-2.57099 12.9223
-2.57198 12.9405
-2.57271 12.9609
-2.57054 12.9789
-2.57061 12.998
-2.56921 13.0174
-2.56846 13.0354
-2.56841 13.0594
-2.56881 13.0775
-2.57007 13.0983
-2.57054 13.1156
-2.57004 13.1346
-2.56958 13.154
-2.57096 13.173
-2.57005 13.1933
-2.57086 13.2102
-2.571 13.2289
-2.56914 13.2478
-2.56847 13.2677
-2.56717 13.287
-2.57021 13.3029
-2.57006 13.32
-2.56979 13.3366
-2.56957 13.3567
-2.56922 13.3754
-2.56833 13.3946
-2.56831 13.414
-2.56887 13.4348
-2.57115 13.4549
-2.56831 13.474
-2.56678 13.4918
-2.56592 13.5098
-2.56551 13.5293
-2.56503 13.5463
-2.56384 13.5662
-2.56421 13.5858
-2.56255 13.6068
-2.56168 13.6265
-2.56424 13.6471
-2.56183 13.6672
-2.56127 13.6865
-2.56025 13.7042
-2.56019 13.7233
-2.55985 13.7435
-2.55774 13.7602
-2.55856 13.7789
-2.55738 13.7982
-2.55888 13.8107
-2.56002 13.8306
-2.56045 13.8514
-2.56015 13.8727
-2.55856 13.8947
-2.55877 13.9112
-2.55838 13.9294
-2.56054 13.9461
-2.55904 13.9613
-2.55839 13.9768
-2.56 13.9914
-2.55998 14.0062
-2.5608 14.0252
-2.56044 14.0423
-2.55984 14.0617
-2.55942 14.0823
-2.55877 14.1034
-2.55984 14.1243
-2.55965 14.1452
-2.55922 14.1678
-2.55855 14.1846
-2.56168 14.2032
-2.56015 14.2227
-2.56081 14.2413
-2.56072 14.2548
-2.55939 14.2683
-2.56069 14.2876
-2.55967 14.3041
-2.56343 14.3253
-2.56001 14.3437
-2.55884 14.364
-2.56015 14.3863
-2.55879 14.4081
-2.56022 14.4277
-2.5608 14.444
-2.56135 14.4596
-2.56068 14.4722
-2.56175 14.4854
-2.55971 14.5003
-2.55887 14.5194
-2.5611 14.5402
-2.56177 14.5603
-2.56128 14.5803
-2.55987 14.6015
-2.56307 14.6205
-2.56238 14.6401
-2.56079 14.6599
-2.56041 14.6797
-2.559 14.6966
-2.55732 14.712
-2.55742 14.7318
-2.55651 14.7484
-2.55727 14.7653
-2.5577 14.7842
-2.55733 14.8035
-2.5569 14.8213
-2.55705 14.8393
-2.55764 14.8583
-2.55947 14.8784
-2.55863 14.8967
-2.55798 14.9146
-2.55811 14.9336
-2.55782 14.953
-2.55685 14.9715
-2.55578 14.9894
-2.5563 15.0046
-2.55451 15.0207
-2.55357 15.0402
-2.55306 15.0591
-2.55302 15.0755
-2.55434 15.0939
-2.55322 15.1133
-2.55231 15.1364
-2.55334 15.1543
-2.55255 15.1746
-2.55023 15.1942
-2.55069 15.2122
-2.55208 15.2301
-2.55264 15.2485
-2.55373 15.2676
-2.55222 15.2861
-2.55267 15.306
-2.5542 15.3248
-2.55603 15.3444
-2.55732 15.3656
-2.56081 15.386
-2.56068 15.4069
-2.56063 15.4273
-2.5576 15.4429
-2.55774 15.4616
-2.55916 15.4789
-2.55877 15.4971
-2.56082 15.5139
-2.56268 15.5299
-2.56349 15.5468
-2.5642 15.5659
-2.56303 15.5784
-2.55918 15.6022
-2.5597 15.6238
-2.55641 15.6425
-2.5567 15.663
-2.55724 15.6824
-2.56093 15.6998
-2.56065 15.7162
-2.55973 15.7309
-2.55891 15.7477
-2.5594 15.7614
-2.5583 15.7817
-2.55821 15.8027
-2.55912 15.8191
-2.56021 15.8377
-2.55859 15.8592
-2.56239 15.8791
-2.56502 15.9005
-2.5629 15.9197
-2.56415 15.9339
-2.56141 15.9514
-2.5613 15.9673
-2.56257 15.9793
-2.56015 15.9957
-2.55748 16.0278
-2.55831 16.0507
-2.55908 16.068
-2.55914 16.0847
-2.55685 16.1009
-2.5557 16.1215
-2.5574 16.1437
-2.55738 16.1637
-2.55924 16.1836
-2.56324 16.2023
-2.56409 16.2214
-2.56367 16.2376
-2.56686 16.2552
-2.56899 16.2716
-2.56786 16.2908
-2.56612 16.3073
-2.56535 16.3242
-2.56743 16.3432
-2.5695 16.3641
-2.56616 16.3854
-2.5659 16.4039
-2.56663 16.4225
-2.56682 16.441
-2.56494 16.4612
-2.56783 16.4765
-2.5653 16.4993
-2.56308 16.5179
-2.5641 16.5357
-2.56375 16.5541
-2.56235 16.5753
-2.56176 16.5939
-2.5596 16.6141
-2.55981 16.6335
-2.5598 16.6519
-2.55945 16.6684
-2.55755 16.6899
-2.55657 16.7056
-2.55809 16.7234
-2.55743 16.7418
-2.55514 16.7625
-2.56116 16.7873
-2.56283 16.8023
-2.56447 16.8226
-2.5644 16.8361
-2.56499 16.8508
-2.56375 16.8706
-2.56669 16.886
-2.56548 16.9029
-2.56453 16.9199
-2.56703 16.9363
-2.56523 16.9608
-2.56717 16.9786
-2.56652 16.9983
-2.56482 17.0187
-2.56398 17.0384
-2.56436 17.0533
-2.56333 17.074
-2.56338 17.0908
-2.5646 17.1079
-2.5621 17.1262
-2.56195 17.1426
-2.56198 17.1597
-2.56169 17.179
-2.55972 17.1971
-2.55914 17.2141
-2.55748 17.2327
-2.55666 17.254
-2.55562 17.2714
-2.55472 17.2963
-2.55522 17.3153
-2.55381 17.333
-2.55496 17.3494
-2.55621 17.3641
-2.55644 17.3828
-2.55694 17.4026
-2.55481 17.4201
-2.55315 17.4401
-2.55364 17.4596
-2.55328 17.484
-2.55515 17.5012
-2.55443 17.5201
-2.5543 17.5367
-2.55428 17.5532
-2.55343 17.5717
-2.55526 17.5875
-2.55335 17.6061
-2.55245 17.6247
-2.55215 17.6438
-2.55246 17.662
-2.55196 17.6796
-2.55044 17.6957
-2.55214 17.7127
-2.55114 17.731
-2.54977 17.749
-2.55028 17.7659
-2.54845 17.7844
-2.54961 17.8047
-2.54767 17.8219
-2.54716 17.8367
-2.54769 17.8553
-2.54842 17.8738
-2.55019 17.8918
-2.54972 17.9061
-2.54818 17.9261
-2.5482 17.9454
-2.54953 17.9635
-2.54975 17.9858
-2.5499 18.0038
-2.55 18.022
-2.54808 18.042
-2.54861 18.0604
-2.54563 18.0792
-2.54633 18.0939
-2.54785 18.1112
-2.54566 18.1299
-2.54606 18.15
-2.54631 18.1673
-2.54682 18.1856
-2.5454 18.2051
-2.54577 18.224
-2.54972 18.2419
-2.5496 18.2583
-2.5495 18.2795
-2.5511 18.2963
-2.55165 18.3161
-2.5507 18.3345
-2.5491 18.3547
-2.54919 18.373
-2.54944 18.3936
-2.54926 18.4124
-2.55064 18.4336
-2.55268 18.4512
-2.55236 18.4723
-2.55284 18.4923
-2.55362 18.5113
-2.5547 18.5294
-2.55251 18.5489
-2.55282 18.5653
-2.55497 18.5808
-2.55357 18.5972
-2.5535 18.6152
-2.55192 18.6325
-2.55299 18.6502
-2.55314 18.6695
-2.55333 18.6879
-2.55349 18.7099
-2.5547 18.726
-2.55492 18.7454
-2.55291 18.757
-2.5511 18.7776
-2.55055 18.7947
-2.55041 18.8112
-2.55102 18.8289
-2.55239 18.846
-2.55228 18.8642
-2.54995 18.8811
-2.55119 18.9013
-2.55178 18.919
-2.54991 18.9357
-2.54953 18.9533
-2.55036 18.9795
-2.54855 18.9987
-2.54774 19.0146
-2.55165 19.033
-2.5509 19.0496
-2.5488 19.0632
-2.54938 19.0781
-2.55193 19.0987
-2.55156 19.1168
-2.54831 19.136
-2.54676 19.1544
-2.5452 19.1741
-2.54467 19.1943
-2.5457 19.2127
-2.54541 19.2302
-2.54591 19.2478
-2.54336 19.2682
-2.54326 19.2893
-2.54241 19.3069
-2.542 19.3213
-2.5428 19.3318
-2.57915 15.0284
-2.57164 15.0356
-2.58452 15.0339
-2.60282 15.0351
-2.61829 15.0348
-2.63731 15.0348
-2.65928 15.0355
-2.68497 15.0346
-2.70831 15.0396
-2.73105 15.0399
-2.75323 15.0388
-2.77619 15.0397
-2.79926 15.0409
-2.81451 15.0415
-2.83319 15.0433
-2.84548 15.0428
-2.85766 15.0427
-2.87265 15.0427
-2.88615 15.0445
-2.89905 15.0447
-2.91537 15.0476
-2.92942 15.0467
-2.94717 15.0488
-2.96906 15.0503
-2.99222 15.0522
-3.01569 15.0529
-3.03918 15.0527
-3.06237 15.0538
-3.08582 15.0507
-3.10703 15.0529
-3.12717 15.0541
-3.14979 15.0543
-3.17145 15.055
-3.19029 15.0558
-3.20463 15.0598
-3.21884 15.0603
-3.2344 15.0632
-3.24807 15.0626
-3.26264 15.0647
-3.27599 15.0645
-3.29155 15.0656
-3.30696 15.0671
-3.32475 15.0648
-3.34415 15.0647
-3.36592 15.064
-3.38812 15.0656
-3.40959 15.0664
-3.42868 15.0683
-3.44794 15.0724
-3.46891 15.0739
-3.48967 15.0714
-3.51046 15.0697
-3.52918 15.0676
-3.54887 15.0664
-3.56886 15.0662
-3.58634 15.0627
-3.60427 15.0631
-3.62167 15.068
-3.63786 15.069
-3.65333 15.0652
-3.66764 15.067
-3.68577 15.0695
-3.7048 15.0694
-3.7249 15.0704
-3.74175 15.0709
-3.76272 15.0686
-3.78519 15.0689
-3.80415 15.0692
-3.822 15.0675
-3.84304 15.0656
-3.86169 15.0644
-3.88256 15.0612
-3.90303 15.0603
-3.92275 15.0577
-3.9443 15.0594
-3.96348 15.063
-3.98156 15.0664
-4.00018 15.0687
-4.0171 15.0695
-4.03681 15.0738
-4.06066 15.0639
-4.08062 15.0669
-4.09657 15.0671
-4.11394 15.0629
-4.13416 15.0605
-4.15405 15.0611
-4.17446 15.0576
-4.19231 15.053
-4.21032 15.0483
-4.22777 15.0404
-4.24515 15.0298
-4.26536 15.0267
-4.28414 15.0327
-4.30403 15.0306
-4.32286 15.0289
-4.34192 15.0285
-4.35969 15.0319
-4.38043 15.0347
-4.40276 15.0334
-4.42278 15.0345
-4.44084 15.0326
-4.45717 15.0338
-4.47441 15.0369
-4.48824 15.0408
-4.50144 15.0438
-4.51505 15.0429
-4.52873 15.0446
-4.54168 15.0522
-4.5571 15.0526
-4.57324 15.0537
-4.59117 15.0498
-4.61146 15.0494
-4.62854 15.0456
-4.64861 15.0432
-4.67122 15.0403
-4.69051 15.0358
-4.71268 15.0345
-4.73675 15.036
-4.75629 15.0436
-4.77298 15.0468
-4.78771 15.0484
-4.80134 15.0455
-4.81765 15.0448
-4.84621 15.0445
-4.8632 15.0433
-4.87484 15.0406
-4.88903 15.0415
-4.90396 15.0415
-4.92236 15.039
-4.93854 15.042
-4.95334 15.0444
-4.9716 15.0482
-4.98621 15.0434
-5.00263 15.0406
-5.01416 15.0394
-5.02932 15.0399
-5.04589 15.0434
-5.06309 15.043
-5.08889 15.0394
-5.1093 15.0396
-5.13231 15.04
-5.15941 15.0412
-5.18617 15.0367
-5.20692 15.0336
-5.22367 15.0352
-5.24049 15.0358
-5.25578 15.0381
-5.27147 15.0383
-5.28589 15.0402
-5.30146 15.0446
-5.31676 15.0421
-5.33108 15.0426
-5.34707 15.0422
-5.36425 15.0456
-5.38496 15.0443
-5.40623 15.0439
-5.4273 15.0448
-5.44817 15.0423
-5.46845 15.0422
-5.49151 15.0415
-5.50981 15.0516
-5.52405 15.0522
-5.54074 15.0533
-5.5539 15.0545
-5.56709 15.0587
-5.58151 15.0596
-5.59363 15.0619
-5.60801 15.062
-5.62722 15.0635
-5.64691 15.0659
-5.66959 15.067
-5.6896 15.065
-5.70647 15.0652
-5.72342 15.0664
-5.74035 15.0691
-5.75481 15.0692
-5.77097 15.0695
-5.78919 15.0687
-5.80717 15.069
-5.82602 15.0693
-5.84726 15.0695
-5.86419 15.0679
-5.88166 15.0698
-5.90017 15.068
-5.91923 15.0691
-5.93929 15.0693
-5.95803 15.0701
-5.97743 15.0713
-5.99411 15.0717
-6.00685 15.0734
-6.02342 15.0729
-6.04147 15.072
-6.05876 15.07
-6.07777 15.0701
-6.09676 15.0681
-6.11732 15.0655
-6.14058 15.0647
-6.1664 15.0627
-6.18718 15.0597
-6.20615 15.0576
-6.22201 15.0609
-6.23783 15.0613
-6.25682 15.0612
-6.27944 15.0602
-6.29613 15.0601
-6.31183 15.058
-6.33016 15.0585
-6.35025 15.0585
-6.368 15.0588
-6.38384 15.0575
-6.40163 15.0586
-6.42043 15.0606
-6.4426 15.0586
-6.45925 15.062
-6.47043 15.0598
-6.47379 15.0558
-6.47429 15.0663
-2.56145 17.5774
-2.54993 17.579
-2.56744 17.5808
-2.58384 17.5796
-2.60425 17.5783
-2.63297 17.576
-2.66072 17.5739
-2.68747 17.5732
-2.71425 17.5725
-2.74034 17.5719
-2.76436 17.5721
-2.78594 17.5759
-2.80605 17.5785
-2.82499 17.5801
-2.84185 17.5803
-2.85533 17.5807
-2.86873 17.5823
-2.88024 17.5822
-2.89527 17.5824
-2.91891 17.5785
-2.93342 17.5792
-2.95314 17.5813
-2.97631 17.581
-2.99964 17.5804
-3.02443 17.5783
-3.04826 17.5771
-3.0724 17.577
-3.09575 17.5773
-3.11864 17.5759
-3.13867 17.5746
-3.16047 17.5723
-3.17915 17.5702
-3.19584 17.5693
-3.21002 17.5722
-3.2241 17.5715
-3.23653 17.5701
-3.24831 17.5706
-3.26437 17.5716
-3.28046 17.5719
-3.29645 17.5712
-3.3157 17.5714
-3.33613 17.5741
-3.35745 17.5757
-3.38009 17.578
-3.402 17.5806
-3.42285 17.5805
-3.44285 17.5815
-3.46328 17.58
-3.48406 17.5748
-3.50602 17.5748
-3.52602 17.5675
-3.54294 17.5672
-3.55924 17.5682
-3.57417 17.568
-3.58978 17.5674
-3.6049 17.5673
-3.62265 17.5689
-3.64206 17.5724
-3.65967 17.5735
-3.67895 17.5732
-3.69678 17.574
-3.71292 17.576
-3.72902 17.5781
-3.74678 17.5745
-3.76305 17.5747
-3.78447 17.5755
-3.80444 17.5739
-3.82372 17.5749
-3.84698 17.5742
-3.86864 17.5732
-3.88857 17.5716
-3.90942 17.5712
-3.92704 17.5713
-3.94467 17.5712
-3.9631 17.5719
-3.97942 17.5695
-3.99686 17.567
-4.01289 17.5652
-4.02968 17.5666
-4.04486 17.5684
-4.06058 17.5646
-4.0795 17.5627
-4.09919 17.5609
-4.11863 17.5611
-4.13898 17.5604
-4.15733 17.5568
-4.1778 17.5516
-4.19637 17.5527
-4.21767 17.5526
-4.23754 17.5492
-4.25562 17.5444
-4.27156 17.5386
-4.28766 17.5365
-4.30806 17.5365
-4.32626 17.5354
-4.34563 17.5348
-4.36167 17.5335
-4.3788 17.5341
-4.3959 17.5321
-4.41191 17.5339
-4.43034 17.5329
-4.44509 17.5331
-4.46003 17.5331
-4.47523 17.5321
-4.48983 17.5336
-4.50461 17.531
-4.51878 17.5329
-4.53528 17.5357
-4.5497 17.5373
-4.56619 17.537
-4.58221 17.5371
-4.59994 17.5392
-4.61675 17.5392
-4.63285 17.5385
-4.65375 17.5373
-4.67454 17.5375
-4.69261 17.5379
-4.71042 17.5371
-4.72785 17.5373
-4.74136 17.5349
-4.75453 17.5346
-4.77069 17.5349
-4.78915 17.535
-4.80789 17.5327
-4.82632 17.5319
-4.84478 17.5299
-4.86585 17.5298
-4.88595 17.528
-4.90403 17.5292
-4.92522 17.5289
-4.94472 17.5294
-4.95925 17.5301
-4.97951 17.5311
-5.00282 17.5293
-5.0198 17.5296
-5.03601 17.5295
-5.05434 17.5273
-5.07348 17.5261
-5.0944 17.5268
-5.10986 17.527
-5.13426 17.5277
-5.15756 17.527
-5.17832 17.5286
-5.19862 17.5302
-5.21688 17.528
-5.23237 17.5295
-5.24573 17.5279
-5.26063 17.5283
-5.27574 17.5307
-5.28985 17.5323
-5.30836 17.532
-5.3302 17.5323
-5.35149 17.5307
-5.37455 17.5291
-5.39859 17.5262
-5.42235 17.5262
-5.44252 17.5268
-5.4595 17.5291
-5.47484 17.5293
-5.49171 17.5293
-5.50191 17.5261
-5.51704 17.5262
-5.5334 17.5255
-5.54952 17.5223
-5.56603 17.5223
-5.58437 17.5224
-5.60343 17.5232
-5.62223 17.5228
-5.64082 17.5241
-5.65912 17.5229
-5.67692 17.5209
-5.69597 17.5201
-5.71616 17.5176
-5.73456 17.5207
-5.75391 17.5206
-5.77008 17.5208
-5.7865 17.5188
-5.80495 17.5164
-5.82456 17.5184
-5.84406 17.5187
-5.86632 17.5199
-5.8855 17.5202
-5.90423 17.5192
-5.92153 17.5203
-5.93766 17.519
-5.95178 17.5195
-5.96911 17.5195
-5.98411 17.5164
-6.00208 17.518
-6.01743 17.5177
-6.03327 17.5179
-6.04893 17.5162
-6.06485 17.5182
-6.08185 17.5183
-6.10023 17.5191
-6.11638 17.5205
-6.13283 17.5232
-6.15159 17.5243
-6.17292 17.5249
-6.19503 17.5253
-6.21996 17.5248
-6.24036 17.5241
-6.26257 17.5211
-6.28058 17.521
-6.30059 17.5203
-6.32098 17.5212
-6.33985 17.5213
-6.35875 17.5213
-6.37549 17.5207
-6.39189 17.5185
-6.40821 17.5193
-6.42459 17.5191
-6.44216 17.5174
-6.46187 17.5192
-6.47988 17.5188
-6.49968 17.5188
-6.51838 17.5191
-6.53962 17.5181
-6.55715 17.5154
-6.57263 17.5164
-6.58906 17.517
-6.60715 17.5177
-6.62589 17.5179
-6.64492 17.519
-6.66477 17.5204
-6.68614 17.5192
-6.70686 17.5204
-6.7282 17.5204
-6.74718 17.5229
-6.76396 17.5239
-6.7796 17.5231
-6.79257 17.5258
-6.81017 17.525
-6.82708 17.5244
-6.84389 17.5259
-6.86217 17.5258
-6.88212 17.5264
-6.90471 17.5283
-6.92514 17.5301
-6.94829 17.5324
-6.96303 17.5311
-6.98101 17.53
-6.99882 17.5293
-7.01654 17.5285
-7.03354 17.5298
-7.0472 17.531
-7.06177 17.532
-7.07591 17.5316
-7.09359 17.5316
-7.11487 17.5288
-7.13353 17.5287
-7.1536 17.5304
-7.17223 17.5305
-7.19018 17.5317
-7.20825 17.5329
-7.22863 17.5337
-7.24782 17.5347
-7.26744 17.5345
-7.28613 17.5353
-7.30343 17.5364
-7.32169 17.5356
-7.33901 17.5357
-7.35552 17.5347
-7.37723 17.5346
-7.39666 17.5353
-7.41705 17.5338
-7.43746 17.5333
-7.45769 17.5349
-7.47752 17.536
-7.49837 17.5367
-7.51994 17.5343
-7.53713 17.5343
-7.55023 17.534
-7.56392 17.5349
-7.57585 17.5352
-7.58881 17.5359
-7.60139 17.5332
-7.61945 17.5326
-7.64122 17.5318
-7.66072 17.5313
-7.68508 17.5315
-7.7073 17.528
-7.72851 17.5268
-7.74957 17.5253
-7.77104 17.5256
-7.78896 17.5238
-7.80451 17.5259
-7.81852 17.5242
